0 0.1221875 0.746472 0.08812500000000001 0.20978399999999991
0 0.2190625 0.7643464999999998 0.08437499999999998 0.16839100000000007
0 0.3521875 0.735654 0.09687499999999999 0.07149599999999999
0 0.44562500000000005 0.7544684999999999 0.04375000000000001 0.14863500000000007
0 0.538125 0.7412979999999999 0.053749999999999964 0.13358399999999987
0 0.6225 0.7403575 0.05625000000000002 0.14299100000000017
0 0.705625 0.3198495 0.1050000000000001 0.15051700000000004
0 0.7228125000000001 0.26105350000000005 0.08062500000000006 0.20602100000000004
0 0.7703125 0.21825050000000004 0.06812499999999999 0.22953900000000002
0 0.8378125000000001 0.15428050000000001 0.12812499999999993 0.235183
0 0.8915625 0.206491 0.176875 0.26999000000000006