0 0.17375 0.711215 0.175 0.19626200000000005
0 0.155 0.9196259999999999 0.07250000000000001 0.1570100000000001
0 0.294375 0.39345800000000003 0.10124999999999998 0.09906600000000007
0 0.33187500000000003 0.6831774999999999 0.13125000000000003 0.17009300000000002
0 0.378125 0.21495350000000002 0.06874999999999998 0.127103
0 0.42 0.224299 0.04749999999999999 0.115888
0 0.49125 0.430841 0.13750000000000007 0.125234
0 0.6312500000000001 0.527103 0.12 0.11962600000000007
0 0.628125 0.38785000000000003 0.07374999999999998 0.12897200000000006
0 0.6399999999999999 0.17757 0.07750000000000001 0.14205600000000004
0 0.6950000000000001 0.42056049999999995 0.09750000000000003 0.15700899999999993
0 0.7975 0.49906549999999994 0.11749999999999994 0.10841100000000005