0 0.105625 0.8483335 0.0625 0.09833299999999993
0 0.344375 0.8283335 0.03375 0.05666699999999988
0 0.491875 0.7670835 0.04874999999999996 0.06083299999999999
0 0.48875 0.7816665 0.03875000000000006 0.04333299999999992
0 0.596875 0.7687500000000002 0.03749999999999998 0.0625
0 0.6684375 0.7883334999999999 0.02562500000000001 0.04666700000000009
0 0.7971874999999999 0.7575 0.026875000000000093 0.033333999999999975
0 0.8584375 0.715417 0.04437499999999994 0.0625
0 0.9565625 0.698333 0.020625000000000004 0.040000000000000036
0 0.9603125 0.7083334999999998 0.028124999999999956 0.051666999999999984
0 0.9896875 0.681667 0.01937500000000003 0.05999999999999998