0 0.0975 0.7556285 0.039999999999999994 0.08536499999999995
0 0.145625 0.6468105 0.036250000000000004 0.05909900000000001
0 0.2340625 0.7518765 0.07187500000000002 0.12288899999999997
0 0.505 0.55394 0.05749999999999994 0.12664199999999992
0 0.6478125 0.9591934999999998 0.04312500000000008 0.07973700000000002
0 0.6803125000000001 0.9723265 0.021874999999999978 0.05347099999999991
0 0.70875 0.9268295000000001 0.03750000000000009 0.076923
0 0.7215625 0.8283305000000001 0.0318750000000001 0.07317099999999993
0 0.7528125 0.7382734999999999 0.028124999999999956 0.054408999999999964
0 0.7625 0.9831145 0.04249999999999998 0.03189499999999993
0 0.7590625 0.8170729999999999 0.020625000000000004 0.061913999999999914
0 0.7978125 0.893058 0.03312499999999996 0.0675420000000001
0 0.816875 0.7912760000000002 0.03125 0.06285199999999998
0 0.865 0.921201 0.03499999999999992 0.06566599999999999
0 0.8771875 0.7959664999999999 0.028124999999999956 0.05722299999999998
0 0.93875 0.9249535 0.036250000000000004 0.054408999999999964