0 0.014375 0.2551595 0.02875 0.138837
0 0.0484375 0.12241999999999997 0.019375000000000003 0.02345199999999999
0 0.065625 0.174015 0.048749999999999995 0.09662199999999999
0 0.091875 0.13414600000000002 0.035 0.06566599999999999
0 0.1228125 0.12242 0.016875 0.045966
0 0.219375 0.1139775 0.017499999999999988 0.036585
0 0.23093750000000002 0.2096625 0.028124999999999983 0.03658499999999998
0 0.2815625 0.1346155 0.024375000000000036 0.051594999999999995
0 0.3034375 0.25469050000000004 0.06562499999999999 0.10412700000000004
0 0.41781250000000003 0.31425850000000005 0.12312499999999998 0.24953100000000006
0 0.3778125 0.14727949999999998 0.02937500000000004 0.026267000000000016
0 0.5018750000000001 0.206848 0.04500000000000004 0.09287000000000001
0 0.595625 0.2091935 0.04249999999999998 0.08067500000000001
0 0.6059375 0.1486865 0.01937500000000003 0.03658499999999998
0 0.6659375000000001 0.336304 0.083125 0.17167000000000004
0 0.6796875 0.174015 0.02562500000000001 0.04971799999999997
0 0.7665625 0.2603185 0.06687500000000002 0.16228900000000002
0 0.8209375 0.2148215 0.04437500000000005 0.07879899999999998
0 0.8871875 0.169794 0.030625000000000013 0.06566599999999999
0 0.9299999999999999 0.2776735 0.04999999999999993 0.09943700000000004