0 0.0178125 0.2461025 0.035625 0.08685900000000003
0 0.07906250000000001 0.19821850000000002 0.028124999999999997 0.071269
0 0.20406249999999998 0.47104650000000003 0.071875 0.18485500000000002
0 0.2178125 0.28730500000000003 0.03937499999999999 0.05345200000000002
0 0.30281250000000004 0.18652549999999998 0.02437499999999998 0.045656999999999996
0 0.3734375 0.343541 0.07437500000000002 0.16592400000000002
0 0.3946875 0.252227 0.041874999999999996 0.096882
0 0.3896875 0.14420950000000002 0.020625000000000004 0.052339000000000004
0 0.4340625 0.20322949999999998 0.02812500000000001 0.07461100000000002
0 0.4853125 0.16313999999999998 0.020625000000000004 0.027840000000000018
0 0.4978125 0.266147 0.03562500000000002 0.080178
0 0.496875 0.115256 0.012500000000000067 0.036747999999999996
0 0.5634375 0.162027 0.028125000000000067 0.047883999999999996
0 0.5918749999999999 0.2978845 0.05500000000000005 0.14810700000000002
0 0.6034375000000001 0.150891 0.020625000000000004 0.04343
0 0.6540625 0.2538975 0.03312500000000007 0.08240499999999998
0 0.7496875000000001 0.33797350000000004 0.04437499999999994 0.10579100000000005
0 0.7465625 0.17260550000000002 0.023125000000000062 0.06681500000000001
0 0.7737499999999999 0.13752799999999998 0.015000000000000013 0.03897599999999999
0 0.81875 0.166481 0.018750000000000044 0.04120199999999999
0 0.8943749999999999 0.2511135 0.04749999999999999 0.12138100000000002