0 0.077222 0.35392349999999995 0.04777800000000001 0.07679499999999996
0 0.168889 0.3931555 0.033334 0.06510899999999996
0 0.203889 0.3747915 0.03 0.065109
0 0.2566665 0.40484149999999997 0.033333 0.06844699999999994
0 0.345 0.4165275 0.03666600000000003 0.061768999999999935
0 0.355 0.34724549999999993 0.03222200000000003 0.07011699999999996
0 0.4244445 0.423205 0.031111 0.04841399999999992
0 0.43222249999999995 0.3497495 0.033333 0.06844700000000006
0 0.5066665 0.41068449999999995 0.03333300000000006 0.06010100000000007
0 0.5444445 0.354758 0.035555 0.07178600000000002
0 0.603889 0.40985 0.03666600000000009 0.07846399999999992
0 0.64 0.38397349999999997 0.028888000000000025 0.06343899999999993
0 0.6855555 0.40567650000000005 0.035555 0.06343900000000005
0 0.726111 0.375626 0.029999999999999916 0.056761999999999986
0 0.7616665 0.3948245 0.036667000000000005 0.06510900000000004
0 0.822222 0.357262 0.03777800000000009 0.066778
0 0.871111 0.39232049999999996 0.04444400000000004 0.07679499999999996