0 0.009375 0.5032925 0.01875 0.07337700000000003
0 0.0275 0.506585 0.011250000000000003 0.03104399999999998
0 0.1259375 0.49717799999999995 0.063125 0.12323599999999998
0 0.18156250000000002 0.490122 0.03562499999999999 0.079022
0 0.2296875 0.56444 0.041874999999999996 0.06961399999999998
0 0.2296875 0.5164625 0.011874999999999997 0.011288999999999974
0 0.29500000000000004 0.6053620000000001 0.044999999999999984 0.10442199999999999
0 0.4084375 0.579022 0.08437499999999998 0.11759199999999999
0 0.46875 0.630762 0.04874999999999996 0.111948
0 0.5321875 0.6006585 0.021874999999999978 0.021637000000000024
0 0.5784374999999999 0.608184 0.02937500000000004 0.01787400000000006
0 0.6678125 0.654751 0.06562500000000004 0.14110999999999996
0 0.7178125 0.6392285 0.021874999999999978 0.04797699999999995
0 0.7559374999999999 0.637347 0.02312499999999995 0.04421399999999999
0 0.8512500000000001 0.642051 0.03500000000000003 0.06114799999999994
0 0.979375 0.6726245 0.040000000000000036 0.17309499999999994