0 0.09156249999999999 0.25750449999999997 0.02062499999999999 0.030957
0 0.1009375 0.262195 0.019375000000000003 0.04033800000000002
0 0.3471875 0.281426 0.11937500000000001 0.28705400000000003
0 0.5753125 0.5548784999999999 0.024375000000000036 0.032832999999999994
0 0.6403125000000001 0.5192305 0.01937500000000003 0.034709000000000025
0 0.6678125 0.5408065 0.028124999999999956 0.03658499999999998
0 0.700625 0.574578 0.02375000000000005 0.049718000000000116
0 0.7040625 0.5084425 0.02312499999999995 0.02814300000000003
0 0.7403124999999999 0.5342404999999999 0.02937500000000004 0.034709000000000025
0 0.7940625 0.5609755000000001 0.02937499999999993 0.07317100000000001
0 0.8921875 0.6257035000000001 0.038124999999999964 0.05253300000000002
0 0.9121874999999999 0.433865 0.024374999999999925 0.040337999999999936
0 0.9453125 0.5370545 0.026874999999999982 0.03658500000000006