0 0.039999999999999994 0.4916315 0.0075 0.018130999999999977
0 0.1078125 0.5146445000000001 0.008125000000000007 0.02231499999999998
0 0.11937500000000001 0.5425385 0.007499999999999993 0.02231499999999998
0 0.1475 0.5027895 0.007500000000000007 0.018130999999999977
0 0.15 0.440028 0.007500000000000007 0.023709999999999946
0 0.16749999999999998 0.3828455 0.0062500000000000056 0.018130999999999977
0 0.18125000000000002 0.504184 0.01125000000000001 0.032078000000000016
0 0.1909375 0.6569035 0.010624999999999996 0.022314999999999918
0 0.200625 0.4058575 0.006249999999999978 0.02231499999999998
0 0.22499999999999998 0.655509 0.01125000000000001 0.02510400000000002
0 0.275 0.5327755 0.00874999999999998 0.01952499999999999
0 0.2825 0.497211 0.00874999999999998 0.02371000000000001
0 0.72125 0.48814499999999994 0.039999999999999925 0.147838
0 0.84875 0.49860499999999996 0.043749999999999956 0.12412799999999993
0 0.9456249999999999 0.45258049999999994 0.04500000000000004 0.14086499999999996