0 0.175 0.6094040000000001 0.03375 0.08473000000000003
0 0.31156249999999996 0.595903 0.02437499999999998 0.07635000000000008
0 0.32906250000000004 0.456704 0.009374999999999967 0.028863999999999994
0 0.3684375 0.234171 0.06187499999999996 0.18156399999999998
0 0.3853125 0.453911 0.016874999999999973 0.027001999999999967
0 0.4234375 0.578678 0.02812500000000001 0.053072
0 0.4303125 0.4529795 0.016874999999999973 0.02513899999999998
0 0.4859375 0.45484199999999997 0.018125000000000002 0.02513999999999994
0 0.5440625 0.5791435 0.04312500000000008 0.061452999999999994
0 0.5334375 0.44832400000000006 0.013125000000000053 0.030726000000000017
0 0.5840625 0.44739299999999993 0.016874999999999973 0.04003799999999998
0 0.6268750000000001 0.44925550000000003 0.015000000000000013 0.03631299999999997
0 0.668125 0.547486 0.04125000000000001 0.07821199999999995
0 0.7765625 0.545624 0.04437499999999994 0.07821199999999995