0 0.11297850000000001 0.9078124999999999 0.028010999999999994 0.030625000000000013
0 0.11951450000000001 0.8846875 0.02054100000000001 0.02562500000000001
0 0.21288500000000002 0.8640625 0.007470000000000004 0.021874999999999978
0 0.258637 0.9178125 0.03361400000000003 0.026874999999999982
0 0.31092449999999994 0.87 0.02054100000000003 0.020000000000000018
0 0.31232499999999996 0.905 0.023342000000000047 0.018750000000000044
0 0.357143 0.905 0.04015000000000007 0.03249999999999997
0 0.38795500000000005 0.9043749999999999 0.02520999999999998 0.02375000000000005
0 0.4169 0.8596874999999999 0.023341999999999967 0.016875000000000084
0 0.46825400000000006 0.8640625 0.017740000000000016 0.015625
0 0.47572400000000004 0.8284374999999999 0.012138000000000069 0.011874999999999969
0 0.486928 0.8284374999999999 0.010269999999999972 0.011874999999999969
0 0.52521 0.8284374999999999 0.010269999999999972 0.011874999999999969
0 0.536881 0.81875 0.013072000000000077 0.010000000000000009
0 0.615313 0.8196875 0.153128 0.03937499999999994
0 0.6045754999999999 0.8590625 0.015872999999999884 0.015625
0 0.613445 0.8556250000000001 0.013071999999999993 0.015000000000000013
0 0.6862745000000001 0.8521875 0.014939000000000043 0.015625
0 0.7782450000000001 0.84625 0.01960799999999995 0.019999999999999907
0 0.930439 0.9393750000000001 0.017739999999999933 0.018749999999999933