0 0.08374999999999999 0.343137 0.09125 0.185808
0 0.25875 0.19701249999999995 0.046249999999999986 0.14939299999999997
0 0.30656249999999996 0.287582 0.03937499999999999 0.08216600000000002
0 0.414375 0.277311 0.03500000000000003 0.12698400000000004
0 0.4378125 0.2908495 0.02562500000000001 0.09990700000000004
0 0.45406250000000004 0.32026150000000003 0.02437499999999998 0.05228700000000001
0 0.5003124999999999 0.4855275 0.02937500000000004 0.164333
0 0.5706249999999999 0.325397 0.029999999999999916 0.114846
0 0.5859375 0.3426705 0.02937499999999993 0.08029900000000001
0 0.6884375 0.373016 0.03437499999999993 0.053222000000000026
0 0.933125 0.20541549999999997 0.08374999999999999 0.18860899999999997