0 0.06468750000000001 0.3212945 0.036875000000000005 0.05722299999999994
0 0.1171875 0.336304 0.029375 0.04971799999999999
0 0.13 0.27954949999999995 0.03249999999999999 0.05065700000000002
0 0.15437499999999998 0.355535 0.037500000000000006 0.06566599999999999
0 0.1703125 0.29033749999999997 0.02812500000000001 0.05722299999999998
0 0.20156249999999998 0.28189450000000005 0.016875 0.05347099999999999
0 0.2271875 0.286116 0.029375000000000012 0.06566599999999999
0 0.2459375 0.33864900000000003 0.033125000000000016 0.061914
0 0.2465625 0.23499050000000002 0.02437499999999998 0.05534700000000003
0 0.260625 0.477955 0.03749999999999998 0.07035600000000003
0 0.2703125 0.2640715 0.02562500000000001 0.051594999999999995
0 0.3221875 0.34803 0.03187499999999999 0.06566600000000003
0 0.33625 0.272045 0.03249999999999997 0.060038
0 0.3459375 0.2340525 0.02812500000000001 0.049719000000000006
0 0.36625 0.24343350000000002 0.015000000000000013 0.038461000000000016
0 0.3890625 0.3883675 0.03687499999999999 0.075047
0 0.4128125 0.161351 0.02812500000000001 0.05816199999999999
0 0.4265625 0.2443715 0.03187499999999999 0.06097500000000001
0 0.4265625 0.3334895 0.03187499999999999 0.06097500000000001
0 0.4471875 0.1646345 0.02562500000000001 0.051595000000000016
0 0.47562499999999996 0.1674485 0.017500000000000016 0.034709000000000004
0 0.5096875000000001 0.171201 0.01937500000000003 0.04408999999999999
0 0.5225 0.3799245 0.040000000000000036 0.07692299999999996
0 0.5321875 0.30863050000000003 0.030625000000000013 0.048781000000000026
0 0.53 0.1880865 0.011249999999999982 0.03658500000000002
0 0.5490625 0.20778599999999997 0.024375000000000036 0.047841999999999975
0 0.5840624999999999 0.1557225 0.021874999999999978 0.048780999999999984
0 0.5934375000000001 0.2251405 0.030625000000000013 0.056285
0 0.6096874999999999 0.2884615 0.03187499999999999 0.05722299999999998
0 0.6184375 0.147749 0.021874999999999978 0.04408999999999999
0 0.6465625 0.3517825 0.03687499999999999 0.07129499999999998
0 0.6640625 0.18761699999999998 0.028124999999999956 0.061913999999999976
0 0.6865625 0.15290800000000002 0.01937500000000003 0.05065600000000001
0 0.6934374999999999 0.295497 0.030625000000000013 0.06754200000000002
0 0.7171875000000001 0.18667950000000003 0.03187499999999999 0.05628500000000002
0 0.7484375 0.1683865 0.023125000000000062 0.045967000000000015
0 0.776875 0.34146350000000003 0.03875000000000006 0.06941899999999994
0 0.7890625 0.22983150000000002 0.026874999999999982 0.054409000000000006
0 0.9215625000000001 0.28752350000000004 0.04312499999999997 0.089119