0 0.0758335 0.65125 0.11833300000000001 0.25750000000000006
0 0.19583299999999998 0.554375 0.09 0.16875000000000004
0 0.22625 0.43124999999999997 0.017499999999999988 0.02750000000000004
0 0.2508335 0.483125 0.026666999999999996 0.0487499999999999
0 0.2991665 0.43312500000000004 0.018333000000000044 0.03875000000000001
0 0.3470835 0.418125 0.02083299999999999 0.04624999999999992
0 0.4129165 0.454375 0.07416700000000004 0.14374999999999996
0 0.4854165 0.496875 0.044166999999999956 0.15875000000000006
0 0.69375 0.34937500000000005 0.03249999999999997 0.06375000000000003
0 0.8041665 0.266875 0.036667000000000005 0.06125000000000001
0 0.8554170000000001 0.31375 0.057499999999999996 0.07749999999999997
0 0.889583 0.2625 0.022499999999999964 0.035
0 0.9079165 0.225 0.02083299999999999 0.04000000000000003