0 0.4996875 0.6947565 0.999375 0.4531829999999999
0 0.05625 0.8052435 0.095 0.1666669999999999
0 0.0375 0.548221 0.013749999999999998 0.03651600000000001
0 0.060312500000000005 0.4733145 0.010625000000000002 0.014045000000000104
0 0.0746875 0.5519664999999999 0.019375000000000003 0.032771000000000015
0 0.070625 0.06835200000000001 0.007499999999999993 0.016853999999999994
0 0.0984375 0.5950375 0.023125000000000007 0.030898999999999965
0 0.1309375 0.631554 0.029375 0.034644000000000036
0 0.15781250000000002 0.6315545 0.019375000000000003 0.03838900000000003
0 0.2209375 0.6661985000000001 0.03687499999999999 0.03838900000000003
0 0.244375 0.523408 0.007500000000000007 0.016853999999999942
0 0.27718750000000003 0.529026 0.01687500000000003 0.02434399999999992
0 0.2840625 0.7237825 0.02562500000000001 0.04307100000000013
0 0.28812499999999996 0.5978465000000001 0.012500000000000011 0.03651699999999997
0 0.30843750000000003 0.544476 0.013124999999999998 0.017789999999999927
0 0.349375 0.7256555 0.04375000000000001 0.06554299999999984
0 0.3509375 0.5575844999999999 0.015625 0.025280999999999956
0 0.393125 0.6423220000000001 0.022499999999999964 0.024344000000000005
0 0.390625 0.5613295 0.012499999999999956 0.032771000000000015
0 0.444375 0.584738 0.010000000000000009 0.03277199999999998
0 0.4771875 0.6540265000000001 0.029374999999999984 0.04400699999999995
0 0.49312500000000004 0.8136705 0.04375000000000001 0.06928900000000004
0 0.4828125 0.566479 0.013124999999999998 0.02247199999999995
0 0.5028125 0.543539 0.011875000000000024 0.023408000000000102
0 0.5078125 0.6034645000000001 0.016874999999999973 0.03651699999999997
0 0.56875 0.6605805000000001 0.03374999999999995 0.06086100000000006
0 0.5725 0.562266 0.012499999999999956 0.02715400000000006
0 0.6481250000000001 0.5753745 0.015000000000000013 0.029026999999999914
0 0.6834375 0.7219100000000002 0.03687499999999999 0.050561999999999996
0 0.7165625 0.613764 0.01937499999999992 0.029026000000000027
0 0.7821875 0.641386 0.03187499999999999 0.050561999999999996
0 0.7878125 0.5922285 0.020625000000000004 0.025280999999999956
0 0.8196875 0.6381085000000001 0.015625 0.0402630000000001
0 0.830625 0.588483 0.018749999999999933 0.02153599999999997
0 0.8678125 0.623127 0.024375000000000036 0.04026200000000005
0 0.865625 0.549157 0.011249999999999982 0.023408000000000102
0 0.8828125 0.5800559999999999 0.010625000000000107 0.023407999999999936
0 0.8984375 0.6058055 0.01937499999999992 0.020599000000000013
0 0.9103125000000001 0.553839 0.009375000000000022 0.01779000000000001
0 0.92875 0.5941015000000001 0.012500000000000067 0.025280999999999956