0 0.2321875 0.21139350000000004 0.113125 0.24952900000000006
0 0.6334375000000001 0.5607345 0.731875 0.554613
0 0.2884375 0.440678 0.03937499999999999 0.05273000000000001
0 0.2971875 0.31920899999999996 0.03687499999999999 0.06779600000000005
0 0.3721875 0.40960450000000004 0.03562500000000002 0.07156299999999999
0 0.37875000000000003 0.77919 0.048750000000000016 0.055556000000000064
0 0.38 0.347928 0.04125000000000001 0.05932199999999994
0 0.4471875 0.3606405 0.041874999999999996 0.06591300000000004
0 0.4990625 0.7349340000000001 0.05937500000000007 0.11393600000000013
0 0.52 0.40395450000000005 0.044999999999999984 0.08662899999999997
0 0.545625 0.3182675 0.050000000000000044 0.069679
0 0.545625 0.7095104999999999 0.050000000000000044 0.10263699999999992
0 0.565 0.579096 0.032500000000000084 0.05084799999999983
0 0.58125 0.6421844999999999 0.04625000000000001 0.0753290000000001
0 0.6221875 0.7697740000000001 0.06937499999999996 0.12711799999999995
0 0.6625 0.7344635 0.040000000000000036 0.0753290000000001
0 0.7384375 0.7297549999999999 0.07687500000000003 0.1544260000000001
0 0.808125 0.7057439999999999 0.053749999999999964 0.11393599999999988
0 0.836875 0.7514125 0.05999999999999994 0.08286299999999998
0 0.8768750000000001 0.6727875 0.04625000000000001 0.10640300000000008
0 0.9340625 0.66855 0.073125 0.1299440000000001
0 0.985 0.6694915 0.028750000000000053 0.06591299999999996