0 0.065234 0.5890624999999999 0.028905999999999994 0.05104099999999997
0 0.139844 0.5739584999999999 0.03125 0.052082999999999956
0 0.2332035 0.5546875 0.025781 0.046875
0 0.303125 0.573958 0.029687999999999992 0.03125
0 0.3562505 0.5812499999999999 0.04062499999999997 0.07916599999999992
0 0.410547 0.5328125 0.028905999999999987 0.038540999999999936
0 0.520312 0.4114585 0.02499999999999991 0.041667000000000044
0 0.5492189999999999 0.547396 0.03749999999999998 0.06354199999999999
0 0.65 0.5499999999999999 0.03125 0.06874999999999994
0 0.7347655 0.5098955000000001 0.017969000000000013 0.02812500000000003
0 0.7878905 0.5078125 0.021092999999999917 0.026040999999999908
0 0.811328 0.5125 0.028905999999999987 0.04999999999999997
0 0.8882815 0.4927085 0.015625 0.027082999999999895
0 0.914453 0.5187499999999999 0.013282000000000016 0.02500000000000006
0 0.941797 0.532292 0.041406000000000054 0.0625
0 0.9863280000000001 0.505729 0.019531999999999994 0.030208000000000013
0 0.9863284999999999 0.4744795 0.011718999999999924 0.015625