0 0.1541665 0.6824215 0.04583299999999998 0.07578099999999999
0 0.5333335 0.571875 0.772917 0.854688
0 0.18125 0.2546875 0.06458400000000002 0.057813
0 0.18281250000000002 0.1910155 0.03854100000000001 0.030468999999999996
0 0.2171875 0.8535159999999999 0.03437499999999997 0.06015599999999999
0 0.2744795 0.16445300000000002 0.03437500000000001 0.03984400000000002
0 0.311979 0.970703 0.10104199999999992 0.05703199999999997
0 0.31406249999999997 0.225391 0.03645899999999994 0.027344000000000007
0 0.334896 0.4351565 0.03229200000000002 0.034375000000000044
0 0.34531249999999997 0.4 0.03437499999999997 0.01874999999999999
0 0.372917 0.7453125 0.07499999999999996 0.07343700000000009
0 0.44947899999999996 0.40625 0.08020799999999999 0.082812
0 0.7093750000000001 0.2753905 0.02500000000000006 0.03828100000000001
0 0.8427085000000001 0.294922 0.03958300000000007 0.042968000000000006