0 0.19921850000000002 0.405729 0.06093699999999999 0.10104199999999992
0 0.248047 0.4260415 0.041406 0.08333299999999995
0 0.304297 0.46614549999999993 0.06484400000000001 0.09062499999999996
0 0.38593750000000004 0.360417 0.054686999999999986 0.06874999999999994
0 0.3890625 0.446354 0.046875 0.0989580000000001
0 0.4343745 0.36145849999999996 0.046875 0.06458299999999999
0 0.453125 0.4375 0.04843799999999998 0.07499999999999989
0 0.49609349999999997 0.3671875 0.05312500000000003 0.06979100000000009
0 0.5199215 0.47135449999999995 0.042969000000000035 0.05937500000000003
0 0.5371095 0.3447915 0.036718999999999946 0.0729169999999999
0 0.5972655 0.37239599999999995 0.0492189999999999 0.07604200000000001
0 0.6566405 0.3552085 0.042968999999999924 0.07291700000000001
0 0.686328 0.4177085 0.04765600000000003 0.07708300000000001
0 0.6949215 0.6156250000000001 0.05703099999999994 0.10000000000000002
0 0.7390625 0.35677099999999995 0.051562999999999914 0.07604199999999998
0 0.7976565 0.38854149999999993 0.059374999999999956 0.08333300000000003
0 0.8503905 0.4270835 0.019531000000000076 0.022916999999999927