0 0.0121875 0.35375 0.024375 0.1125
0 0.054375 0.37625000000000003 0.07875 0.13583399999999993
0 0.166875 0.3070835 0.027499999999999997 0.035833000000000004
0 0.265 0.3475 0.027500000000000024 0.055000000000000014
0 0.2940625 0.355833 0.02562500000000001 0.04999999999999997
0 0.30656249999999996 0.2795835 0.02437499999999998 0.025832999999999995
0 0.37875000000000003 0.34333300000000005 0.08375000000000005 0.11499999999999999
0 0.575 0.3254165 0.07874999999999999 0.134167
0 0.6415625 0.35125 0.028125000000000067 0.04749999999999999
0 0.6584375 0.33749999999999997 0.010624999999999996 0.034999999999999996
0 0.6771875 0.3354165 0.024374999999999925 0.030833000000000037
0 0.7009375 0.365 0.02562500000000001 0.04833399999999995
0 0.7159375 0.3125 0.01937499999999992 0.030000000000000027
0 0.7378125 0.3820835 0.03687499999999999 0.040832999999999973
0 0.7634375 0.3529165000000001 0.014375000000000027 0.02083300000000003
0 0.7790625 0.33375 0.0068749999999999645 0.027500000000000007
0 0.8096875 0.321667 0.02562500000000001 0.04499999999999993
0 0.8721875 0.4595834999999999 0.06812499999999999 0.18916699999999995