0 0.0125 0.18011249999999998 0.025 0.14446499999999998
0 0.22499999999999998 0.2762665 0.056249999999999994 0.09662299999999999
0 0.3075 0.41838649999999994 0.08875 0.16510299999999997
0 0.3203125 0.22232649999999998 0.07062500000000005 0.138837
0 0.406875 0.24296449999999997 0.03375 0.07692300000000005
0 0.44218749999999996 0.270169 0.03937499999999999 0.08442800000000003
0 0.49312500000000004 0.25328350000000005 0.05250000000000005 0.09193300000000001
0 0.5478125 0.22889299999999996 0.05687500000000001 0.12570399999999998
0 0.6159375 0.27392150000000004 0.07687500000000003 0.161351
0 0.71875 0.15712949999999998 0.06000000000000005 0.11163299999999998
0 0.9181250000000001 0.302064 0.05874999999999997 0.10318999999999999
0 0.985 0.209662 0.028750000000000053 0.08911799999999998