0 0.22312500000000002 0.27041699999999996 0.037500000000000006 0.03250000000000005
0 0.2559375 0.33249999999999996 0.02562499999999998 0.05999999999999998
0 0.3121875 0.39625 0.055625000000000036 0.08750000000000006
0 0.309375 0.27916650000000004 0.03500000000000003 0.053333
0 0.38 0.3645835 0.043749999999999956 0.06916699999999998
0 0.39 0.27499999999999997 0.036250000000000004 0.04166600000000006
0 0.4153125 0.337083 0.026875000000000038 0.0625
0 0.44375 0.26166700000000004 0.02999999999999997 0.05000000000000001
0 0.4865625 0.2525 0.029374999999999984 0.04833399999999999
0 0.53875 0.32666649999999997 0.03125 0.058333
0 0.5471874999999999 0.2525 0.02937500000000004 0.03833399999999998
0 0.6009375 0.602083 0.018124999999999947 0.08250000000000002
0 0.618125 0.412083 0.04999999999999993 0.06750000000000005
0 0.6259375 0.27249999999999996 0.026874999999999982 0.05000000000000001
0 0.6846875 0.28 0.028124999999999956 0.05833400000000007
0 0.7065625 0.21458350000000004 0.020625000000000004 0.030833
0 0.7250000000000001 0.3541665 0.036250000000000004 0.06166700000000003
0 0.7371875 0.2533335 0.02187500000000009 0.036667000000000005
0 0.7459374999999999 0.2916665 0.02937500000000004 0.053332999999999964
0 0.7478125 0.21708349999999998 0.020625000000000004 0.03583299999999997
0 0.7615625 0.25875000000000004 0.024375000000000036 0.03250000000000001
0 0.7840625 0.21125000000000002 0.028124999999999956 0.024165999999999983
0 0.7853125000000001 0.24750000000000003 0.02312499999999995 0.04166599999999998
0 0.7931250000000001 0.3225 0.03375000000000006 0.05333399999999999
0 0.8106249999999999 0.3858335 0.039999999999999925 0.06333299999999993
0 0.829375 0.4841665 0.05625000000000002 0.053333
0 0.8425 0.2991665 0.03374999999999995 0.041666999999999975
0 0.84875 0.34375 0.04125000000000001 0.06916599999999991
0 0.8740625 0.5325 0.06312499999999999 0.10499999999999998
0 0.8540625 0.224167 0.020625000000000004 0.02999999999999999
0 0.8790625 0.3895835 0.034375000000000044 0.06083299999999999
0 0.8740625 0.22124999999999997 0.021874999999999978 0.027500000000000007
0 0.8875 0.325 0.036250000000000004 0.03500000000000003
0 0.88625 0.27875 0.026249999999999996 0.02749999999999997
0 0.9190625 0.23291649999999997 0.02187500000000009 0.03583299999999997
0 0.93 0.2708335 0.03125 0.04333299999999999
0 0.9553125 0.2220835 0.01937499999999992 0.025832999999999995