0 0.015625 0.47227450000000004 0.0175 0.032895000000000015
0 0.0459375 0.388628 0.019375000000000003 0.03853400000000002
0 0.0534375 0.5733079999999999 0.021875 0.07706800000000004
0 0.09187500000000001 0.5 0.018750000000000003 0.030076000000000026
0 0.1271875 0.513158 0.023125000000000007 0.046992000000000006
0 0.1359375 0.45864650000000007 0.018125000000000002 0.03195500000000005
0 0.166875 0.464756 0.015000000000000013 0.036653999999999964
0 0.2590625 0.511748 0.030624999999999986 0.04605199999999996
0 0.3734375 0.518327 0.02812500000000001 0.059209999999999964
0 0.48031250000000003 0.36795100000000003 0.01687500000000003 0.03289399999999999
0 0.6121875 0.34915450000000003 0.01937499999999992 0.044172999999999976