0 0.010742 0.6992185000000001 0.021484 0.054687000000000076
0 0.1015625 0.645182 0.01757900000000001 0.024739999999999984
0 0.11621100000000001 0.8561199999999999 0.04101600000000001 0.09505199999999991
0 0.126465 0.6569010000000001 0.028319999999999998 0.04817799999999991
0 0.1357425 0.6927084999999998 0.019530999999999993 0.049478999999999974
0 0.1611325 0.6171875 0.02929699999999999 0.02864500000000003
0 0.1879885 0.623047 0.026367 0.024739999999999984
0 0.1865235 0.7070314999999999 0.021485000000000004 0.041667000000000044
0 0.21337899999999999 0.7246090000000001 0.04589800000000002 0.06640600000000003
0 0.241699 0.6497395 0.03417999999999999 0.03645899999999994
0 0.302734 0.7272135000000001 0.0625 0.08203100000000019
0 0.307129 0.7903644999999999 0.05566399999999999 0.08854100000000005
0 0.3100585 0.6822914999999999 0.04785099999999998 0.039062999999999924
0 0.37011700000000003 0.8007810000000001 0.07617199999999996 0.08593799999999992
0 0.3500975 0.6959635000000001 0.030272999999999994 0.04557299999999994
0 0.400391 0.6640625 0.03125 0.036459000000000095
0 0.44043 0.673828 0.02734399999999998 0.037760000000000016
0 0.45751949999999997 0.7734375 0.04589899999999997 0.078125
0 0.501953 0.6796875 0.037109999999999976 0.04427099999999987
0 0.5288085 0.7760415000000002 0.05957100000000004 0.078125
0 0.5615235000000001 0.7226560000000001 0.04101499999999991 0.0625
0 0.6083985000000001 0.703125 0.03906299999999996 0.052084000000000095
0 0.6137695 0.659505 0.03613299999999997 0.03515599999999989
0 0.649414 0.669922 0.03125 0.027343999999999962
0 0.6806639999999999 0.932292 0.08984399999999992 0.12760399999999997
0 0.6674805 0.767578 0.030272999999999994 0.05338599999999986
0 0.696777 0.8391924999999999 0.07324200000000003 0.07161499999999998
0 0.678223 0.6588545 0.02050799999999997 0.04427099999999995
0 0.708496 0.7096355 0.04199200000000003 0.06510499999999997
0 0.7529295 0.874349 0.06054700000000002 0.102864
0 0.755371 0.688802 0.03417999999999999 0.03385400000000013
0 0.7934570000000001 0.6510414999999999 0.030274000000000023 0.039062999999999924
0 0.824219 0.639974 0.02343799999999996 0.03515600000000011
0 0.8549805 0.7402345 0.05957100000000004 0.07942700000000007
0 0.8837889999999999 0.801432 0.08007799999999998 0.09505199999999991
0 0.8623045 0.6321614999999999 0.021484999999999976 0.03255299999999991
0 0.870117 0.6809894999999999 0.03125 0.041666999999999975
0 0.8974610000000001 0.6497395 0.011718000000000006 0.02604099999999998
0 0.9624025 0.801432 0.06542900000000007 0.09505199999999991
0 0.9541014999999999 0.6927084999999998 0.029297000000000017 0.049478999999999974
0 0.9672855 0.7402345 0.02636700000000003 0.04296899999999996