0 0.08499999999999999 0.386278 0.051250000000000004 0.06579000000000003
0 0.16625 0.429511 0.047500000000000014 0.08646600000000003
0 0.2584375 0.34492449999999997 0.03687499999999999 0.05639100000000002
0 0.26125 0.4238725 0.04249999999999998 0.08270699999999999
0 0.32437499999999997 0.33317699999999995 0.012500000000000011 0.05169199999999994
0 0.35468750000000004 0.31860900000000003 0.03937499999999999 0.077068
0 0.47250000000000003 0.3031015 0.05250000000000005 0.11184299999999993
0 0.575 0.43843999999999994 0.011249999999999982 0.053571999999999904
0 0.5909375 0.43045100000000003 0.018124999999999947 0.062030000000000016
0 0.6178125000000001 0.3458645 0.020625000000000004 0.04699300000000003
0 0.7025 0.5009399999999999 0.06125000000000003 0.10902200000000002
0 0.6978125 0.3421055 0.0368750000000001 0.06954899999999999
0 0.7793749999999999 0.476974 0.036250000000000004 0.08552599999999998
0 0.8196874999999999 0.347744 0.041874999999999996 0.07330800000000001
0 0.8428125 0.587876 0.06562499999999993 0.09868399999999998