0 0.09613050000000001 0.3843355 0.051995 0.07650299999999996
0 0.174728 0.399818 0.04474 0.08560999999999995
0 0.3917775 0.41347899999999993 0.05078499999999997 0.105646
0 0.3905685 0.2650275 0.019347000000000003 0.05282299999999998
0 0.503023 0.2632055 0.026602000000000015 0.06010900000000005
0 0.593108 0.4353370000000001 0.07134200000000002 0.156648
0 0.590085 0.238616 0.038694000000000006 0.06557400000000004
0 0.6160825 0.18306 0.025393 0.03096600000000001
0 0.6245465 0.1921675 0.022974999999999968 0.03825099999999999
0 0.6384525 0.269581 0.031438999999999995 0.07650199999999999
0 0.6977025 0.1721315 0.033857000000000026 0.06010899999999999
0 0.6946795 0.1785065 0.020556999999999936 0.05464499999999999
0 0.749698 0.157559 0.024183999999999983 0.04918000000000001
0 0.7714635 0.1839705 0.031438999999999995 0.047359000000000005
0 0.810157 0.2723135 0.04836799999999997 0.08925300000000003
0 0.81318 0.17577399999999999 0.02055600000000002 0.038251999999999974
0 0.818017 0.1775955 0.02297400000000005 0.052823
0 0.8724305 0.503643 0.08827099999999999 0.143898
0 0.850665 0.20309649999999999 0.03264800000000001 0.06010899999999999
0 0.892382 0.0510015 0.021765999999999952 0.032787
0 0.922007 0.135701 0.03264800000000001 0.04917999999999999
0 0.952237 0.2531875 0.06408799999999992 0.076503
0 0.937122 0.039162 0.016928000000000054 0.030966
0 0.9721885 0.0491805 0.021765000000000034 0.025501