0 0.24906250000000002 0.4406575 0.030625000000000013 0.02967100000000001
0 0.3034375 0.5164394999999999 0.029374999999999984 0.040096999999999945
0 0.354375 0.4314355 0.03249999999999997 0.04490700000000001
0 0.39468749999999997 0.5180429999999999 0.026875000000000038 0.04651199999999995
0 0.4240625 0.44226150000000003 0.026874999999999982 0.039295
0 0.454375 0.5052125 0.024999999999999967 0.04490699999999994
0 0.4628125 0.7089014999999999 0.026874999999999982 0.02886900000000013
0 0.5090625 0.5004010000000001 0.028124999999999956 0.04811599999999999
0 0.5178125 0.4330395 0.02937499999999993 0.048115000000000026
0 0.5393749999999999 0.71251 0.032500000000000084 0.04250200000000005
0 0.5587500000000001 0.5096235 0.03375000000000006 0.05372899999999997
0 0.5690625 0.578188 0.026874999999999982 0.043304
0 0.5965625 0.343625 0.028124999999999956 0.040898000000000004
0 0.6259375 0.738172 0.028125000000000067 0.04250199999999991
0 0.6359375 0.5044105 0.02937500000000004 0.049719
0 0.6696875 0.363272 0.02937499999999993 0.04651200000000002
0 0.7096875 0.5164394999999999 0.02937500000000004 0.05292699999999995
0 0.7459374999999999 0.440658 0.02937500000000004 0.04250200000000005
0 0.76625 0.5268645000000001 0.03249999999999997 0.048115000000000026
0 0.8121875000000001 0.42020849999999993 0.026875000000000093 0.048115000000000026
0 0.833125 0.5284685 0.03750000000000009 0.05132299999999998
0 0.9056249999999999 0.577787 0.03749999999999998 0.060144000000000045
0 0.9271875 0.3989575 0.04312499999999997 0.06014500000000001