0 0.17421875 0.18680555555555556 0.06875 0.1486111111111111
0 0.36484375 0.21736111111111112 0.05625 0.12638888888888888
0 0.5703125 0.21875 0.0578125 0.12916666666666668
0 0.81171875 0.24722222222222223 0.06875 0.10833333333333334
0 0.067578125 0.33055555555555555 0.07109375 0.11944444444444445
0 0.848046875 0.36041666666666666 0.06953125 0.12916666666666668
0 0.55 0.36666666666666664 0.0828125 0.11388888888888889
0 0.53671875 0.4951388888888889 0.09375 0.18194444444444444
0 0.896484375 0.5291666666666667 0.09453125 0.15
0 0.187890625 0.5486111111111112 0.12109375 0.1111111111111111
0 0.492578125 0.7791666666666667 0.11171875 0.2833333333333333