0 0.025390625 0.20208333333333334 0.05078125 0.12361111111111112
0 0.171875 0.20555555555555555 0.0609375 0.11388888888888889
0 0.36171875 0.22013888888888888 0.06875 0.10972222222222222
0 0.568359375 0.23541666666666666 0.06015625 0.10694444444444444
0 0.802734375 0.25069444444444444 0.06640625 0.10416666666666667
0 0.0703125 0.34791666666666665 0.0609375 0.0875
0 0.8375 0.36041666666666666 0.0859375 0.14027777777777778
0 0.55390625 0.3680555555555556 0.090625 0.12222222222222222
0 0.192578125 0.54375 0.11796875 0.0875
0 0.5359375 0.5479166666666667 0.1015625 0.12083333333333333
0 0.87734375 0.5666666666666667 0.115625 0.12777777777777777
0 0.4921875 0.7895833333333333 0.1234375 0.2708333333333333