0 0.166015625 0.20902777777777778 0.06484375 0.09861111111111111
0 0.362890625 0.21041666666666667 0.05546875 0.1125
0 0.8125 0.22569444444444445 0.0578125 0.12083333333333333
0 0.5734375 0.22708333333333333 0.0609375 0.11805555555555555
0 0.07109375 0.32013888888888886 0.078125 0.10972222222222222
0 0.55234375 0.35625 0.075 0.10416666666666667
0 0.8421875 0.36736111111111114 0.0859375 0.1375
0 0.208984375 0.5222222222222223 0.08203125 0.09722222222222222
0 0.905078125 0.5243055555555556 0.09921875 0.17916666666666667
0 0.53828125 0.5375 0.1 0.13333333333333333
0 0.490625 0.8208333333333333 0.1234375 0.2222222222222222