0 0.02265625 0.1951388888888889 0.0453125 0.12083333333333333
0 0.170703125 0.20347222222222222 0.05546875 0.10972222222222222
0 0.57109375 0.2152777777777778 0.05625 0.12777777777777777
0 0.36328125 0.22152777777777777 0.065625 0.1125
0 0.8125 0.23402777777777778 0.0578125 0.10416666666666667
0 0.0890625 0.31319444444444444 0.0671875 0.12916666666666668
0 0.839453125 0.33958333333333335 0.06796875 0.15416666666666667
0 0.549609375 0.36944444444444446 0.08515625 0.10833333333333334
0 0.898046875 0.49166666666666664 0.09765625 0.21944444444444444
0 0.537890625 0.5361111111111111 0.08359375 0.1361111111111111
0 0.1890625 0.5506944444444445 0.1140625 0.09305555555555556
0 0.4953125 0.7694444444444445 0.1171875 0.2861111111111111