0 0.026953125 0.2 0.05390625 0.125
0 0.173828125 0.21805555555555556 0.06796875 0.1
0 0.36171875 0.22152777777777777 0.06875 0.1125
0 0.5703125 0.2375 0.0578125 0.10555555555555556
0 0.812109375 0.25069444444444444 0.06640625 0.10416666666666667
0 0.0734375 0.32430555555555557 0.0671875 0.13472222222222222
0 0.83984375 0.3451388888888889 0.075 0.15416666666666667
0 0.551171875 0.35625 0.08828125 0.12083333333333333
0 0.5328125 0.5458333333333333 0.1046875 0.12222222222222222
0 0.188671875 0.5506944444444445 0.11328125 0.09305555555555556
0 0.894140625 0.5652777777777778 0.09921875 0.12222222222222222
0 0.489453125 0.8333333333333334 0.13671875 0.19722222222222222