0 0.1703125 0.20694444444444443 0.0578125 0.08888888888888889
0 0.359765625 0.21666666666666667 0.04921875 0.11388888888888889
0 0.56875 0.2298611111111111 0.0546875 0.09583333333333334
0 0.81484375 0.2388888888888889 0.06875 0.125
0 0.091015625 0.3055555555555556 0.06796875 0.1361111111111111
0 0.561328125 0.3284722222222222 0.07421875 0.1597222222222222
0 0.841015625 0.3638888888888889 0.07734375 0.14166666666666666
0 0.884765625 0.5111111111111111 0.09296875 0.1527777777777778
0 0.5375 0.5131944444444444 0.0921875 0.15694444444444444
0 0.20546875 0.53125 0.0875 0.10972222222222222
0 0.48671875 0.8527777777777777 0.115625 0.1638888888888889