0 0.171484375 0.1909722222222222 0.06015625 0.13194444444444445
0 0.366796875 0.21180555555555555 0.05703125 0.11527777777777778
0 0.571875 0.23194444444444445 0.0546875 0.10555555555555556
0 0.806640625 0.24513888888888888 0.06484375 0.0875
0 0.348046875 0.2708333333333333 0.06015625 0.21666666666666667
0 0.075 0.3104166666666667 0.0703125 0.12916666666666668
0 0.557421875 0.31527777777777777 0.06328125 0.17222222222222222
0 0.8421875 0.36180555555555555 0.0765625 0.12083333333333333
0 0.221484375 0.4861111111111111 0.07265625 0.16944444444444445
0 0.895703125 0.5319444444444444 0.09296875 0.15
0 0.53359375 0.5465277777777777 0.096875 0.12361111111111112
0 0.484375 0.8263888888888888 0.1015625 0.2