0 0.366015625 0.21041666666666667 0.05859375 0.12916666666666668
0 0.168359375 0.21736111111111112 0.06953125 0.10416666666666667
0 0.573828125 0.24027777777777778 0.06796875 0.09444444444444444
0 0.8265625 0.24097222222222223 0.0796875 0.1125
0 0.0671875 0.32916666666666666 0.0796875 0.1
0 0.5484375 0.34930555555555554 0.0890625 0.13472222222222222
0 0.833203125 0.40069444444444446 0.07421875 0.09305555555555556
0 0.2125 0.4888888888888889 0.0921875 0.14722222222222223
0 0.896484375 0.5152777777777777 0.09453125 0.17777777777777778
0 0.531640625 0.5527777777777778 0.09609375 0.11944444444444445
0 0.490234375 0.8506944444444444 0.10390625 0.19305555555555556