0 0.18203125 0.19583333333333333 0.065625 0.13333333333333333
0 0.3625 0.2326388888888889 0.0609375 0.09027777777777778
0 0.566015625 0.23541666666666666 0.05234375 0.10694444444444444
0 0.815234375 0.2423611111111111 0.06640625 0.10416666666666667
0 0.5515625 0.32013888888888886 0.0671875 0.15416666666666667
0 0.0765625 0.32222222222222224 0.0703125 0.125
0 0.840234375 0.4048611111111111 0.06640625 0.09583333333333334
0 0.241015625 0.4861111111111111 0.08046875 0.1527777777777778
0 0.89921875 0.50625 0.1 0.19583333333333333
0 0.533984375 0.55 0.10234375 0.125
0 0.49453125 0.7666666666666667 0.109375 0.275