0 0.02578125 0.1951388888888889 0.0515625 0.11527777777777778
0 0.172265625 0.20277777777777778 0.06171875 0.10833333333333334
0 0.365234375 0.22013888888888888 0.06328125 0.10416666666666667
0 0.56953125 0.24097222222222223 0.065625 0.09583333333333334
0 0.8046875 0.24513888888888888 0.0640625 0.10416666666666667
0 0.08984375 0.3034722222222222 0.065625 0.14305555555555555
0 0.8390625 0.35347222222222224 0.0734375 0.1375
0 0.553515625 0.36527777777777776 0.07421875 0.1
0 0.534375 0.5305555555555556 0.0859375 0.14722222222222223
0 0.9015625 0.5451388888888888 0.0921875 0.1375
0 0.187890625 0.5472222222222223 0.10859375 0.09722222222222222
0 0.4921875 0.8368055555555556 0.1265625 0.1986111111111111