0 0.35546875 0.21666666666666667 0.05625 0.10277777777777777
0 0.153515625 0.2222222222222222 0.08984375 0.06944444444444445
0 0.817578125 0.22430555555555556 0.06796875 0.11805555555555555
0 0.569140625 0.23472222222222222 0.06484375 0.1
0 0.08671875 0.3090277777777778 0.06875 0.1486111111111111
0 0.54765625 0.33125 0.078125 0.15416666666666667
0 0.84765625 0.35555555555555557 0.071875 0.14722222222222223
0 0.90546875 0.4895833333333333 0.103125 0.20416666666666666
0 0.209765625 0.5270833333333333 0.09609375 0.10694444444444444
0 0.5328125 0.5472222222222223 0.0984375 0.11944444444444445
0 0.49375 0.7736111111111111 0.1171875 0.29444444444444445