0 0.368359375 0.2076388888888889 0.05703125 0.11805555555555555
0 0.16171875 0.22916666666666666 0.08125 0.07777777777777778
0 0.572265625 0.2388888888888889 0.05859375 0.09166666666666666
0 0.80625 0.24375 0.0640625 0.09583333333333334
0 0.07265625 0.3215277777777778 0.071875 0.11805555555555555
0 0.551953125 0.34791666666666665 0.07421875 0.13194444444444445
0 0.84140625 0.35347222222222224 0.084375 0.14305555555555555
0 0.236328125 0.4826388888888889 0.08671875 0.1736111111111111
0 0.915625 0.5097222222222222 0.1015625 0.17777777777777778
0 0.537890625 0.5375 0.08984375 0.13333333333333333
0 0.4859375 0.8430555555555556 0.1234375 0.18888888888888888