0 0.356640625 0.21597222222222223 0.05546875 0.1125
0 0.15546875 0.21875 0.06875 0.08472222222222223
0 0.570703125 0.21875 0.06171875 0.14027777777777778
0 0.42890625 0.24375 0.065625 0.19583333333333333
0 0.8046875 0.24513888888888888 0.0671875 0.09305555555555556
0 0.0859375 0.30625 0.0609375 0.1486111111111111
0 0.5515625 0.34444444444444444 0.0703125 0.125
0 0.841015625 0.35833333333333334 0.07734375 0.14166666666666666
0 0.218359375 0.48680555555555555 0.06953125 0.15416666666666667
0 0.896484375 0.5236111111111111 0.10078125 0.13333333333333333
0 0.511328125 0.5256944444444445 0.10546875 0.15416666666666667
0 0.4828125 0.8486111111111111 0.1234375 0.16111111111111112