0 0.16796875 0.19375 0.06875 0.12916666666666668
0 0.3671875 0.21180555555555555 0.0578125 0.10972222222222222
0 0.8125 0.2222222222222222 0.0640625 0.125
0 0.57109375 0.22361111111111112 0.053125 0.12222222222222222
0 0.06796875 0.3229166666666667 0.071875 0.10972222222222222
0 0.54765625 0.35138888888888886 0.084375 0.1111111111111111
0 0.848828125 0.36041666666666666 0.08046875 0.14583333333333334
0 0.534375 0.5069444444444444 0.0953125 0.18333333333333332
0 0.902734375 0.5236111111111111 0.11953125 0.17222222222222222
0 0.208984375 0.5277777777777778 0.08828125 0.11388888888888889
0 0.4828125 0.8361111111111111 0.1296875 0.19722222222222222