0 0.165234375 0.20902777777777778 0.07578125 0.10972222222222222
0 0.362109375 0.2298611111111111 0.06640625 0.09583333333333334
0 0.56171875 0.2361111111111111 0.065625 0.09722222222222222
0 0.809765625 0.24513888888888888 0.07109375 0.09305555555555556
0 0.074609375 0.3277777777777778 0.07578125 0.10277777777777777
0 0.8515625 0.35625 0.0734375 0.14305555555555555
0 0.551171875 0.3659722222222222 0.08828125 0.10694444444444444
0 0.895703125 0.5305555555555556 0.10234375 0.1527777777777778
0 0.538671875 0.5361111111111111 0.08828125 0.13055555555555556
0 0.231640625 0.5520833333333334 0.07734375 0.10138888888888889
0 0.48359375 0.85 0.115625 0.16944444444444445