0 0.171484375 0.19652777777777777 0.05390625 0.1125
0 0.806640625 0.22847222222222222 0.07109375 0.11527777777777778
0 0.358984375 0.2326388888888889 0.06953125 0.09583333333333334
0 0.57109375 0.23680555555555555 0.05 0.09861111111111111
0 0.0796875 0.33541666666666664 0.0671875 0.09583333333333334
0 0.55078125 0.3541666666666667 0.08125 0.11666666666666667
0 0.8484375 0.40625 0.0796875 0.09305555555555556
0 0.214453125 0.5222222222222223 0.09296875 0.10277777777777777
0 0.5328125 0.5458333333333333 0.0984375 0.12777777777777777
0 0.894921875 0.5513888888888889 0.11640625 0.11666666666666667
0 0.486328125 0.8375 0.11796875 0.19444444444444445