0 0.171875 0.2076388888888889 0.0609375 0.10138888888888889
0 0.573046875 0.20902777777777778 0.05703125 0.13194444444444445
0 0.355859375 0.21666666666666667 0.05703125 0.11388888888888889
0 0.814453125 0.23125 0.06171875 0.09861111111111111
0 0.09140625 0.30694444444444446 0.06875 0.14444444444444443
0 0.557421875 0.33055555555555555 0.08203125 0.14166666666666666
0 0.8453125 0.35347222222222224 0.0609375 0.13194444444444445
0 0.9015625 0.5131944444444444 0.084375 0.16805555555555557
0 0.21015625 0.5236111111111111 0.078125 0.10555555555555556
0 0.53671875 0.5381944444444444 0.09375 0.15138888888888888
0 0.482421875 0.8611111111111112 0.10703125 0.15833333333333333