0 0.160546875 0.21388888888888888 0.06015625 0.08611111111111111
0 0.360546875 0.21666666666666667 0.05078125 0.11388888888888889
0 0.80859375 0.22152777777777777 0.05 0.12361111111111112
0 0.56875 0.23194444444444445 0.0578125 0.09444444444444444
0 0.078125 0.325 0.0640625 0.09722222222222222
0 0.5515625 0.35 0.0734375 0.125
0 0.846484375 0.36041666666666666 0.06640625 0.13472222222222222
0 0.236328125 0.4777777777777778 0.07734375 0.15833333333333333
0 0.892578125 0.5125 0.08046875 0.17777777777777778
0 0.5390625 0.5333333333333333 0.0953125 0.14722222222222223
0 0.491015625 0.8180555555555555 0.11484375 0.2388888888888889