0 0.366015625 0.2111111111111111 0.05234375 0.11388888888888889
0 0.165234375 0.22013888888888888 0.06953125 0.0875
0 0.5671875 0.23472222222222222 0.0609375 0.1
0 0.809375 0.24375 0.0640625 0.10138888888888889
0 0.0890625 0.30069444444444443 0.0609375 0.1486111111111111
0 0.55703125 0.31666666666666665 0.071875 0.16944444444444445
0 0.846875 0.3590277777777778 0.0765625 0.13194444444444445
0 0.2390625 0.48125 0.0828125 0.16527777777777777
0 0.891796875 0.5166666666666667 0.10078125 0.18055555555555555
0 0.54296875 0.5333333333333333 0.1 0.14722222222222223
0 0.490625 0.8034722222222223 0.1234375 0.25416666666666665