0 0.170703125 0.2013888888888889 0.06484375 0.1111111111111111
0 0.36015625 0.23402777777777778 0.071875 0.09305555555555556
0 0.80625 0.2388888888888889 0.0671875 0.10277777777777777
0 0.56875 0.23958333333333334 0.0609375 0.09861111111111111
0 0.074609375 0.3333333333333333 0.07578125 0.10277777777777777
0 0.5484375 0.3576388888888889 0.0828125 0.12916666666666668
0 0.8484375 0.39791666666666664 0.0796875 0.09861111111111111
0 0.237109375 0.4756944444444444 0.08515625 0.16527777777777777
0 0.534375 0.5388888888888889 0.0921875 0.14166666666666666
0 0.896484375 0.5541666666666667 0.11328125 0.12222222222222222
0 0.487890625 0.8319444444444445 0.11484375 0.17777777777777778