0 0.362109375 0.21319444444444444 0.06328125 0.11805555555555555
0 0.57421875 0.21388888888888888 0.0625 0.13055555555555556
0 0.806640625 0.22708333333333333 0.05234375 0.12361111111111112
0 0.1609375 0.22847222222222222 0.0890625 0.07083333333333333
0 0.075390625 0.3333333333333333 0.07421875 0.11388888888888889
0 0.8546875 0.3590277777777778 0.0671875 0.1375
0 0.5546875 0.36180555555555555 0.0859375 0.11527777777777778
0 0.8921875 0.5340277777777778 0.1046875 0.1486111111111111
0 0.53046875 0.5423611111111111 0.1125 0.13194444444444445
0 0.233984375 0.5513888888888889 0.07890625 0.11666666666666667
0 0.48125 0.8506944444444444 0.1171875 0.17083333333333334