0 0.02109375 0.1909722222222222 0.0421875 0.12916666666666668
0 0.169921875 0.21319444444444444 0.06640625 0.10694444444444444
0 0.359765625 0.22013888888888888 0.05859375 0.10972222222222222
0 0.5690078125 0.22686111111111112 0.05625 0.09722222222222222
0 0.81328125 0.2465277777777778 0.06875 0.10138888888888889
0 0.08984375 0.31527777777777777 0.06875 0.1388888888888889
0 0.556640625 0.31666666666666665 0.07265625 0.1638888888888889
0 0.85234375 0.3611111111111111 0.06875 0.14722222222222223
0 0.5296875 0.5194444444444445 0.0984375 0.1638888888888889
0 0.213671875 0.5222222222222223 0.09765625 0.09722222222222222
0 0.896484375 0.5430555555555555 0.09765625 0.14444444444444443
0 0.4875 0.8361111111111111 0.1140625 0.19166666666666668