0 0.025 0.2013888888888889 0.05 0.12222222222222222
0 0.166796875 0.21041666666666667 0.07265625 0.09583333333333334
0 0.357421875 0.22430555555555556 0.07265625 0.10694444444444444
0 0.56875 0.23819444444444443 0.0609375 0.10138888888888889
0 0.808984375 0.2520833333333333 0.06640625 0.09583333333333334
0 0.07421875 0.33402777777777776 0.06875 0.09305555555555556
0 0.845703125 0.3451388888888889 0.07109375 0.14305555555555555
0 0.551953125 0.35625 0.09140625 0.11527777777777778
0 0.903515625 0.49930555555555556 0.09921875 0.18472222222222223
0 0.533984375 0.5402777777777777 0.10390625 0.12777777777777777
0 0.18671875 0.5527777777777778 0.11875 0.09722222222222222
0 0.48125 0.8916666666666667 0.1265625 0.19722222222222222