0 0.181640625 0.19444444444444445 0.05859375 0.125
0 0.56953125 0.23333333333333334 0.053125 0.09166666666666666
0 0.360546875 0.2361111111111111 0.06640625 0.08611111111111111
0 0.80859375 0.25555555555555554 0.0625 0.09166666666666666
0 0.55234375 0.31875 0.071875 0.15694444444444444
0 0.071875 0.33125 0.0703125 0.10972222222222222
0 0.856640625 0.35625 0.07109375 0.12083333333333333
0 0.241796875 0.4895833333333333 0.07890625 0.1486111111111111
0 0.894921875 0.5131944444444444 0.08515625 0.17916666666666667
0 0.533203125 0.5520833333333334 0.10390625 0.12361111111111112
0 0.49296875 0.78125 0.109375 0.2875