0 0.181640625 0.19375 0.05234375 0.12916666666666668
0 0.020703125 0.19375 0.04140625 0.1125
0 0.3625 0.20902777777777778 0.0546875 0.11527777777777778
0 0.56796875 0.2222222222222222 0.05625 0.125
0 0.820703125 0.24444444444444444 0.06796875 0.11388888888888889
0 0.0875 0.3055555555555556 0.0640625 0.14722222222222223
0 0.5546875 0.36875 0.0828125 0.10138888888888889
0 0.828125 0.40555555555555556 0.0890625 0.10277777777777777
0 0.212109375 0.49166666666666664 0.08828125 0.1527777777777778
0 0.9015625 0.5256944444444445 0.0984375 0.15416666666666667
0 0.530859375 0.5458333333333333 0.09765625 0.13333333333333333
0 0.5 0.7965277777777777 0.1015625 0.26805555555555555