0 0.1640625 0.21180555555555555 0.0578125 0.0875
0 0.361328125 0.22430555555555556 0.06171875 0.09583333333333334
0 0.56796875 0.2326388888888889 0.0625 0.09583333333333334
0 0.8109375 0.23541666666666666 0.0578125 0.10138888888888889
0 0.071875 0.3298611111111111 0.0703125 0.11805555555555555
0 0.547265625 0.34930555555555554 0.07109375 0.1125
0 0.830078125 0.3541666666666667 0.05546875 0.1388888888888889
0 0.88515625 0.48819444444444443 0.09375 0.22083333333333333
0 0.539453125 0.49583333333333335 0.08671875 0.18333333333333332
0 0.2078125 0.51875 0.0765625 0.09027777777777778
0 0.489453125 0.8375 0.11171875 0.16666666666666666