0 0.16640625 0.21041666666666667 0.065625 0.09583333333333334
0 0.360546875 0.22569444444444445 0.06953125 0.09305555555555556
0 0.56640625 0.23680555555555555 0.05625 0.0875
0 0.81171875 0.25 0.0625 0.09166666666666666
0 0.07109375 0.3347222222222222 0.071875 0.1
0 0.848046875 0.3541666666666667 0.06171875 0.1388888888888889
0 0.55078125 0.3576388888888889 0.090625 0.11805555555555555
0 0.5359375 0.5236111111111111 0.0890625 0.15
0 0.894921875 0.5368055555555555 0.10703125 0.14305555555555555
0 0.230078125 0.55 0.08046875 0.09722222222222222
0 0.48359375 0.8333333333333334 0.1125 0.20277777777777778