0 0.025 0.18611111111111112 0.05 0.13055555555555556
0 0.175390625 0.20902777777777778 0.06484375 0.09861111111111111
0 0.35625 0.21875 0.0609375 0.12361111111111112
0 0.57265625 0.2375 0.059375 0.09444444444444444
0 0.81640625 0.2423611111111111 0.059375 0.09861111111111111
0 0.555078125 0.31319444444444444 0.06796875 0.16805555555555557
0 0.093359375 0.31875 0.07578125 0.1736111111111111
0 0.8453125 0.36041666666666666 0.0734375 0.12916666666666668
0 0.894921875 0.5131944444444444 0.08828125 0.16805555555555557
0 0.209765625 0.5152777777777777 0.07734375 0.1111111111111111
0 0.5375 0.5166666666666667 0.0921875 0.18055555555555555
0 0.4921875 0.83125 0.1265625 0.1986111111111111