0 0.5703125 0.20902777777777778 0.0546875 0.12083333333333333
0 0.164453125 0.21388888888888888 0.07109375 0.09722222222222222
0 0.800390625 0.22708333333333333 0.05859375 0.12361111111111112
0 0.35859375 0.2326388888888889 0.06875 0.09027777777777778
0 0.07109375 0.3298611111111111 0.078125 0.11805555555555555
0 0.547265625 0.3368055555555556 0.07734375 0.14305555555555555
0 0.84921875 0.3541666666666667 0.071875 0.12777777777777777
0 0.2421875 0.48125 0.0828125 0.16527777777777777
0 0.899609375 0.49583333333333335 0.08828125 0.2222222222222222
0 0.53671875 0.5506944444444445 0.09375 0.12638888888888888
0 0.484765625 0.8326388888888889 0.12109375 0.20694444444444443