0 0.028125 0.2 0.05625 0.1361111111111111
0 0.16796875 0.2048611111111111 0.06875 0.1125
0 0.361328125 0.22013888888888888 0.06796875 0.11527777777777778
0 0.567578125 0.23402777777777778 0.06796875 0.10416666666666667
0 0.807421875 0.24444444444444444 0.06953125 0.10277777777777777
0 0.0671875 0.3145833333333333 0.0796875 0.12638888888888888
0 0.837109375 0.34375 0.06640625 0.15694444444444444
0 0.55 0.3590277777777778 0.0828125 0.12083333333333333
0 0.912109375 0.4930555555555556 0.08515625 0.2222222222222222
0 0.186328125 0.5479166666666667 0.11796875 0.0875
0 0.534765625 0.5486111111111112 0.09609375 0.13333333333333333
0 0.490234375 0.7840277777777778 0.11640625 0.2708333333333333