0 0.16796875 0.20833333333333334 0.06875 0.09722222222222222
0 0.367578125 0.21041666666666667 0.05546875 0.11805555555555555
0 0.57421875 0.22430555555555556 0.05625 0.11805555555555555
0 0.81328125 0.22847222222222222 0.059375 0.13194444444444445
0 0.06953125 0.31805555555555554 0.075 0.12222222222222222
0 0.559765625 0.3451388888888889 0.07109375 0.14305555555555555
0 0.84375 0.36180555555555555 0.0765625 0.1486111111111111
0 0.910546875 0.5229166666666667 0.10390625 0.17083333333333334
0 0.21484375 0.5236111111111111 0.08125 0.1111111111111111
0 0.53671875 0.5430555555555555 0.09375 0.14444444444444443
0 0.496875 0.8284722222222223 0.1265625 0.20416666666666666