0 0.17890625 0.19236111111111112 0.053125 0.12083333333333333
0 0.80390625 0.21319444444444444 0.065625 0.12916666666666668
0 0.361328125 0.22847222222222222 0.07421875 0.10416666666666667
0 0.565625 0.23402777777777778 0.0671875 0.09861111111111111
0 0.071875 0.3277777777777778 0.0765625 0.11388888888888889
0 0.5515625 0.34444444444444444 0.0859375 0.1361111111111111
0 0.842578125 0.41180555555555554 0.06796875 0.10416666666666667
0 0.90234375 0.48055555555555557 0.0875 0.225
0 0.239453125 0.4840277777777778 0.08359375 0.1597222222222222
0 0.53359375 0.5236111111111111 0.1 0.15555555555555556
0 0.4796875 0.8527777777777777 0.1484375 0.15833333333333333