0 0.17109375 0.21319444444444444 0.0625 0.1125
0 0.81796875 0.2263888888888889 0.071875 0.12777777777777777
0 0.358203125 0.22708333333333333 0.06171875 0.12361111111111112
0 0.564453125 0.23819444444444443 0.06796875 0.10138888888888889
0 0.09453125 0.30833333333333335 0.071875 0.14166666666666666
0 0.84921875 0.3576388888888889 0.075 0.15138888888888888
0 0.55078125 0.36041666666666666 0.078125 0.1125
0 0.53125 0.4979166666666667 0.0890625 0.1875
0 0.210546875 0.5236111111111111 0.09140625 0.10555555555555556
0 0.9 0.5277777777777778 0.1015625 0.16944444444444445
0 0.48046875 0.8486111111111111 0.125 0.19444444444444445