0 0.180859375 0.19027777777777777 0.05390625 0.12222222222222222
0 0.3609375 0.22916666666666666 0.0640625 0.08888888888888889
0 0.81171875 0.23819444444444443 0.06875 0.10694444444444444
0 0.5671875 0.23819444444444443 0.0609375 0.09583333333333334
0 0.0734375 0.33055555555555555 0.0765625 0.08611111111111111
0 0.84921875 0.3486111111111111 0.071875 0.1388888888888889
0 0.545703125 0.3590277777777778 0.08046875 0.10972222222222222
0 0.213671875 0.4965277777777778 0.09453125 0.14583333333333334
0 0.8765625 0.525 0.0921875 0.1361111111111111
0 0.534375 0.5388888888888889 0.0859375 0.1361111111111111
0 0.478125 0.8201388888888889 0.1328125 0.22083333333333333