0 0.365234375 0.21319444444444444 0.05703125 0.12916666666666668
0 0.81015625 0.22430555555555556 0.059375 0.14027777777777778
0 0.572265625 0.22569444444444445 0.05234375 0.10972222222222222
0 0.158203125 0.2298611111111111 0.08046875 0.06805555555555555
0 0.06953125 0.30833333333333335 0.078125 0.11944444444444445
0 0.85078125 0.34652777777777777 0.06875 0.16805555555555557
0 0.54921875 0.3611111111111111 0.078125 0.11388888888888889
0 0.20703125 0.49583333333333335 0.084375 0.1388888888888889
0 0.895703125 0.525 0.10234375 0.15833333333333333
0 0.52890625 0.5333333333333333 0.096875 0.14722222222222223
0 0.4765625 0.8444444444444444 0.1203125 0.1638888888888889