0 0.01875 0.1875 0.0375 0.10555555555555556
0 0.18203125 0.19236111111111112 0.059375 0.14305555555555555
0 0.36328125 0.21041666666666667 0.059375 0.10138888888888889
0 0.572265625 0.23472222222222222 0.05234375 0.1
0 0.8203125 0.24513888888888888 0.0734375 0.10972222222222222
0 0.069921875 0.3145833333333333 0.07265625 0.13194444444444445
0 0.546875 0.35555555555555557 0.0703125 0.125
0 0.83203125 0.4048611111111111 0.078125 0.10694444444444444
0 0.209765625 0.5006944444444444 0.08359375 0.1375
0 0.900390625 0.53125 0.10234375 0.1875
0 0.53359375 0.5430555555555555 0.084375 0.13333333333333333
0 0.485546875 0.8444444444444444 0.11640625 0.18055555555555555