0 0.16484375 0.21180555555555555 0.0625 0.08194444444444444
0 0.356640625 0.23402777777777778 0.07109375 0.08194444444444444
0 0.568359375 0.2361111111111111 0.05390625 0.09722222222222222
0 0.809375 0.25069444444444444 0.0640625 0.08194444444444444
0 0.07734375 0.3347222222222222 0.06875 0.1
0 0.54921875 0.3548611111111111 0.071875 0.10694444444444444
0 0.851171875 0.41041666666666665 0.08515625 0.09027777777777778
0 0.208984375 0.5277777777777778 0.09453125 0.09166666666666666
0 0.537890625 0.5486111111111112 0.08984375 0.12222222222222222
0 0.903515625 0.5555555555555556 0.10234375 0.11944444444444445
0 0.489453125 0.8326388888888889 0.12421875 0.18472222222222223