0 0.1635390625 0.21134722222222221 0.0671875 0.09583333333333334
0 0.361328125 0.23125 0.06640625 0.09027777777777778
0 0.8109375 0.23472222222222222 0.071875 0.09444444444444444
0 0.568359375 0.23472222222222222 0.05390625 0.1
0 0.07825 0.31920833333333337 0.06640625 0.12638888888888888
0 0.5484375 0.35625 0.0921875 0.1375
0 0.84453125 0.3597222222222222 0.084375 0.1388888888888889
0 0.24140625 0.48055555555555557 0.078125 0.1638888888888889
0 0.890234375 0.5125 0.10546875 0.175
0 0.53203125 0.5458333333333333 0.103125 0.1361111111111111
0 0.4828125 0.84375 0.1234375 0.1875