0 0.16640625 0.20555555555555555 0.071875 0.125
0 0.366015625 0.22152777777777777 0.06484375 0.10138888888888889
0 0.56875 0.2298611111111111 0.0609375 0.11805555555555555
0 0.808984375 0.24791666666666667 0.07265625 0.10972222222222222
0 0.074609375 0.3229166666666667 0.07578125 0.12083333333333333
0 0.840234375 0.3590277777777778 0.07265625 0.14305555555555555
0 0.55078125 0.36041666666666666 0.075 0.10138888888888889
0 0.9 0.48333333333333334 0.0953125 0.21944444444444444
0 0.2125 0.5236111111111111 0.0859375 0.1
0 0.53984375 0.5458333333333333 0.1 0.14444444444444443
0 0.4890625 0.8291666666666667 0.1171875 0.20555555555555555