0 0.17890625 0.1951388888888889 0.059375 0.12638888888888888
0 0.570703125 0.2298611111111111 0.05703125 0.09583333333333334
0 0.358984375 0.23333333333333334 0.06328125 0.09166666666666666
0 0.80703125 0.2534722222222222 0.06875 0.09861111111111111
0 0.55703125 0.3090277777777778 0.065625 0.1763888888888889
0 0.06953125 0.3277777777777778 0.071875 0.11388888888888889
0 0.853125 0.36736111111111114 0.0703125 0.10972222222222222
0 0.239453125 0.4847222222222222 0.07734375 0.14444444444444443
0 0.53359375 0.5430555555555555 0.0984375 0.13333333333333333
0 0.894140625 0.5472222222222223 0.10859375 0.13055555555555556
0 0.4984375 0.7631944444444444 0.1046875 0.3013888888888889