0 0.171484375 0.2076388888888889 0.06953125 0.10694444444444444
0 0.359375 0.21180555555555555 0.0609375 0.12638888888888888
0 0.570703125 0.23402777777777778 0.06171875 0.10416666666666667
0 0.8109375 0.2465277777777778 0.0671875 0.10694444444444444
0 0.0734375 0.33402777777777776 0.0703125 0.11527777777777778
0 0.85078125 0.35555555555555557 0.06875 0.15833333333333333
0 0.55703125 0.35555555555555557 0.090625 0.11388888888888889
0 0.890234375 0.5402777777777777 0.09765625 0.12777777777777777
0 0.53203125 0.5458333333333333 0.096875 0.13333333333333333
0 0.234375 0.5625 0.0765625 0.12222222222222222
0 0.4859375 0.8513888888888889 0.1140625 0.17222222222222222