0 0.025390625 0.19583333333333333 0.04921875 0.13333333333333333
0 0.172265625 0.19930555555555557 0.06484375 0.12361111111111112
0 0.3678359375 0.2125 0.06640625 0.14444444444444443
0 0.80703125 0.22708333333333333 0.065625 0.12361111111111112
0 0.57109375 0.22777777777777777 0.05625 0.11388888888888889
0 0.076171875 0.3236111111111111 0.07265625 0.12222222222222222
0 0.5546875 0.35 0.0796875 0.125
0 0.85234375 0.35555555555555557 0.0625 0.1361111111111111
0 0.894140625 0.49236111111111114 0.08984375 0.1986111111111111
0 0.790625 0.4979166666666667 0.0890625 0.24305555555555555
0 0.530078125 0.5236111111111111 0.08671875 0.15
0 0.20859375 0.5277777777777778 0.0921875 0.10277777777777777
0 0.48828125 0.8402777777777778 0.11875 0.18333333333333332