0 0.024609375 0.17847222222222223 0.04921875 0.14583333333333334
0 0.183203125 0.19652777777777777 0.06796875 0.11805555555555555
0 0.36953125 0.21041666666666667 0.059375 0.11805555555555555
0 0.812890625 0.23680555555555555 0.06484375 0.10972222222222222
0 0.56796875 0.2388888888888889 0.0625 0.10277777777777777
0 0.078125 0.33402777777777776 0.0703125 0.09305555555555556
0 0.555859375 0.3576388888888889 0.07890625 0.12916666666666668
0 0.844140625 0.41180555555555554 0.07109375 0.09305555555555556
0 0.240234375 0.4861111111111111 0.08203125 0.1527777777777778
0 0.89453125 0.5069444444444444 0.1 0.19444444444444445
0 0.536328125 0.5444444444444444 0.09296875 0.125
0 0.48515625 0.8180555555555555 0.1125 0.2222222222222222