0 0.363671875 0.21319444444444444 0.06328125 0.11805555555555555
0 0.184765625 0.22916666666666666 0.05859375 0.07777777777777778
0 0.56875 0.2361111111111111 0.0609375 0.10833333333333334
0 0.80546875 0.2423611111111111 0.075 0.10972222222222222
0 0.071875 0.3194444444444444 0.0765625 0.11944444444444445
0 0.55234375 0.35138888888888886 0.078125 0.1111111111111111
0 0.84765625 0.35208333333333336 0.06875 0.14583333333333334
0 0.902734375 0.49027777777777776 0.09765625 0.21666666666666667
0 0.205859375 0.5111111111111111 0.09453125 0.1361111111111111
0 0.52421875 0.5111111111111111 0.0875 0.175
0 0.424609375 0.6034722222222222 0.08203125 0.2986111111111111
0 0.488671875 0.8513888888888889 0.15234375 0.2111111111111111