0 0.1671875 0.20069444444444445 0.0609375 0.11527777777777778
0 0.362109375 0.22847222222222222 0.06953125 0.09305555555555556
0 0.569140625 0.2375 0.05859375 0.10555555555555556
0 0.81015625 0.24375 0.065625 0.10138888888888889
0 0.078125 0.3368055555555556 0.0671875 0.09305555555555556
0 0.5483125 0.35323611111111114 0.08828125 0.11944444444444445
0 0.84609375 0.4125 0.071875 0.1
0 0.23828125 0.48055555555555557 0.078125 0.15833333333333333
0 0.896875 0.5256944444444445 0.0953125 0.15694444444444444
0 0.53125 0.54375 0.0953125 0.12916666666666668
0 0.48828125 0.8361111111111111 0.11875 0.18055555555555555