0 0.171484375 0.2048611111111111 0.06328125 0.12361111111111112
0 0.35859375 0.22291666666666668 0.075 0.11527777777777778
0 0.5671875 0.2326388888888889 0.0609375 0.10138888888888889
0 0.81171875 0.24444444444444444 0.075 0.11388888888888889
0 0.069140625 0.3229166666666667 0.06796875 0.13472222222222222
0 0.8484375 0.3486111111111111 0.0796875 0.15
0 0.553125 0.3625 0.0828125 0.1
0 0.896484375 0.5173611111111112 0.09765625 0.1736111111111111
0 0.212890625 0.5236111111111111 0.09296875 0.09444444444444444
0 0.534765625 0.5263888888888889 0.08984375 0.16111111111111112
0 0.490625 0.8458333333333333 0.1109375 0.17222222222222222