0 0.02421875 0.19375 0.0484375 0.13472222222222222
0 0.169140625 0.2048611111111111 0.07421875 0.10138888888888889
0 0.3640625 0.21388888888888888 0.0640625 0.11944444444444445
0 0.571875 0.2388888888888889 0.0578125 0.10277777777777777
0 0.803125 0.25 0.0671875 0.09166666666666666
0 0.071484375 0.34375 0.06328125 0.1125
0 0.837890625 0.34791666666666665 0.07109375 0.1486111111111111
0 0.55 0.35625 0.0828125 0.10972222222222222
0 0.5359375 0.5409722222222222 0.0984375 0.13472222222222222
0 0.193359375 0.5479166666666667 0.12265625 0.09861111111111111
0 0.88828125 0.55625 0.10625 0.11527777777777778
0 0.48828125 0.8472222222222222 0.1375 0.18611111111111112