0 0.1625 0.21736111111111112 0.0671875 0.07083333333333333
0 0.569140625 0.23819444444444443 0.05234375 0.10138888888888889
0 0.36015625 0.23958333333333334 0.078125 0.0875
0 0.80703125 0.2548611111111111 0.0625 0.07361111111111111
0 0.077734375 0.31875 0.06953125 0.1125
0 0.548828125 0.3527777777777778 0.07421875 0.10833333333333334
0 0.8484375 0.40694444444444444 0.0765625 0.08888888888888889
0 0.205859375 0.5305555555555556 0.09453125 0.10833333333333334
0 0.5359375 0.5479166666666667 0.0921875 0.10972222222222222
0 0.896484375 0.5590277777777778 0.11953125 0.12083333333333333
0 0.484375 0.8305555555555556 0.1203125 0.19166666666666668