0 0.16640625 0.2 0.071875 0.11388888888888889
0 0.36484375 0.21180555555555555 0.05625 0.12083333333333333
0 0.571484375 0.21736111111111112 0.06015625 0.1375
0 0.80625 0.2222222222222222 0.0640625 0.125
0 0.07109375 0.3229166666666667 0.06875 0.10416666666666667
0 0.84921875 0.3548611111111111 0.08125 0.14583333333333334
0 0.553515625 0.3548611111111111 0.07109375 0.1125
0 0.206640625 0.5194444444444445 0.08671875 0.10277777777777777
0 0.534375 0.5256944444444445 0.0890625 0.15416666666666667
0 0.901171875 0.53125 0.10390625 0.15416666666666667
0 0.490234375 0.8381944444444445 0.11640625 0.20694444444444443