0 0.15234375 0.21736111111111112 0.0875 0.09305555555555556
0 0.362890625 0.22083333333333333 0.06171875 0.10555555555555556
0 0.805859375 0.22708333333333333 0.06640625 0.12916666666666668
0 0.56640625 0.23541666666666666 0.065625 0.1125
0 0.42109375 0.2534722222222222 0.05625 0.20972222222222223
0 0.06953125 0.32013888888888886 0.078125 0.12083333333333333
0 0.8390625 0.34791666666666665 0.0734375 0.14305555555555555
0 0.55390625 0.3590277777777778 0.084375 0.13194444444444445
0 0.2171875 0.49444444444444446 0.0828125 0.14722222222222223
0 0.898828125 0.5055555555555555 0.08671875 0.19166666666666668
0 0.53828125 0.5194444444444445 0.090625 0.175
0 0.479296875 0.9006944444444445 0.10078125 0.19305555555555556