0 0.16953125 0.20625 0.065625 0.12083333333333333
0 0.025390625 0.20625 0.05078125 0.13194444444444445
0 0.35859375 0.21736111111111112 0.06875 0.11527777777777778
0 0.56875 0.2361111111111111 0.0671875 0.10833333333333334
0 0.807421875 0.2548611111111111 0.07578125 0.1125
0 0.08984375 0.30625 0.06875 0.14305555555555555
0 0.84140625 0.3590277777777778 0.06875 0.1486111111111111
0 0.551171875 0.36736111111111114 0.08203125 0.10972222222222222
0 0.8953125 0.5347222222222222 0.0921875 0.15555555555555556
0 0.5375 0.5402777777777777 0.0953125 0.1388888888888889
0 0.18828125 0.55 0.115625 0.10277777777777777
0 0.487890625 0.8486111111111111 0.12109375 0.18333333333333332