0 0.364453125 0.21388888888888888 0.05234375 0.11944444444444445
0 0.159765625 0.23333333333333334 0.08359375 0.06944444444444445
0 0.57421875 0.23402777777777778 0.053125 0.11527777777777778
0 0.8078125 0.24097222222222223 0.0640625 0.09583333333333334
0 0.55859375 0.32013888888888886 0.0625 0.17083333333333334
0 0.0734375 0.33055555555555555 0.0796875 0.13055555555555556
0 0.842578125 0.3548611111111111 0.07421875 0.14583333333333334
0 0.221484375 0.4930555555555556 0.08203125 0.15
0 0.909765625 0.5048611111111111 0.08359375 0.20694444444444443
0 0.540625 0.5472222222222223 0.0953125 0.14722222222222223
0 0.494140625 0.8479166666666667 0.10859375 0.1875