0 0.16171875 0.21597222222222223 0.0625 0.09027777777777778
0 0.362109375 0.23125 0.06328125 0.0875
0 0.56875 0.23680555555555555 0.0578125 0.09305555555555556
0 0.81484375 0.24097222222222223 0.071875 0.10694444444444444
0 0.55 0.32916666666666666 0.0796875 0.15555555555555556
0 0.07734375 0.33402777777777776 0.065625 0.10416666666666667
0 0.842578125 0.3506944444444444 0.07421875 0.1375
0 0.240234375 0.47708333333333336 0.07890625 0.1625
0 0.89765625 0.49583333333333335 0.1 0.19444444444444445
0 0.534765625 0.5111111111111111 0.08984375 0.175
0 0.4859375 0.8333333333333334 0.1171875 0.19166666666666668