0 0.171484375 0.20555555555555555 0.05703125 0.10277777777777777
0 0.803125 0.21944444444444444 0.0640625 0.11944444444444445
0 0.3671875 0.22291666666666668 0.0640625 0.09861111111111111
0 0.56875 0.2326388888888889 0.0640625 0.10138888888888889
0 0.07734375 0.3034722222222222 0.075 0.14305555555555555
0 0.5609375 0.32708333333333334 0.0796875 0.1625
0 0.8453125 0.34791666666666665 0.0734375 0.14305555555555555
0 0.905078125 0.49722222222222223 0.10546875 0.20833333333333334
0 0.212890625 0.5222222222222223 0.08671875 0.10277777777777777
0 0.539453125 0.5430555555555555 0.08671875 0.13333333333333333
0 0.484375 0.8208333333333333 0.1140625 0.2111111111111111