0 0.362890625 0.20902777777777778 0.05234375 0.09861111111111111
0 0.166796875 0.21458333333333332 0.06328125 0.10972222222222222
0 0.8140625 0.2423611111111111 0.0609375 0.10416666666666667
0 0.56328125 0.24305555555555555 0.059375 0.09444444444444444
0 0.091796875 0.29791666666666666 0.05390625 0.14305555555555555
0 0.553125 0.34930555555555554 0.0734375 0.1125
0 0.83203125 0.39791666666666664 0.08125 0.09305555555555556
0 0.905078125 0.5138888888888888 0.09921875 0.1638888888888889
0 0.21171875 0.5208333333333334 0.075 0.1
0 0.5328125 0.5416666666666666 0.0921875 0.11944444444444445
0 0.49140625 0.8375 0.121875 0.18333333333333332