0 0.0265625 0.2013888888888889 0.053125 0.12222222222222222
0 0.1703125 0.20625 0.0578125 0.11527777777777778
0 0.366796875 0.21388888888888888 0.06015625 0.11666666666666667
0 0.5703125 0.23680555555555555 0.0609375 0.09861111111111111
0 0.80859375 0.24166666666666667 0.075 0.10833333333333334
0 0.0703125 0.31666666666666665 0.0703125 0.125
0 0.84453125 0.34444444444444444 0.071875 0.15833333333333333
0 0.553125 0.3638888888888889 0.0828125 0.11944444444444445
0 0.5328125 0.5472222222222223 0.1046875 0.1361111111111111
0 0.187109375 0.55 0.11328125 0.10277777777777777
0 0.894140625 0.5652777777777778 0.09609375 0.13333333333333333
0 0.491015625 0.7847222222222222 0.12109375 0.2722222222222222