0 0.183984375 0.1951388888888889 0.06328125 0.12638888888888888
0 0.369140625 0.2152777777777778 0.05234375 0.11666666666666667
0 0.81328125 0.22569444444444445 0.06875 0.13194444444444445
0 0.56796875 0.2361111111111111 0.065625 0.10833333333333334
0 0.074609375 0.3375 0.07578125 0.08333333333333333
0 0.54921875 0.3506944444444444 0.0875 0.12083333333333333
0 0.84453125 0.4048611111111111 0.071875 0.09027777777777778
0 0.239453125 0.47430555555555554 0.08671875 0.16805555555555557
0 0.895703125 0.5027777777777778 0.11171875 0.19722222222222222
0 0.537890625 0.5486111111111112 0.10234375 0.13055555555555556
0 0.48203125 0.8166666666666667 0.115625 0.225