0 0.362109375 0.22152777777777777 0.07265625 0.1125
0 0.80859375 0.22430555555555556 0.05625 0.11805555555555555
0 0.160546875 0.23125 0.08515625 0.06527777777777778
0 0.56796875 0.23680555555555555 0.059375 0.09861111111111111
0 0.075 0.3326388888888889 0.0703125 0.1125
0 0.85078125 0.3527777777777778 0.071875 0.13055555555555556
0 0.55390625 0.36666666666666664 0.0875 0.11388888888888889
0 0.8921875 0.5194444444444445 0.0984375 0.1638888888888889
0 0.536328125 0.5361111111111111 0.09921875 0.13055555555555556
0 0.233203125 0.5555555555555556 0.08046875 0.11388888888888889
0 0.481640625 0.8333333333333334 0.11484375 0.19166666666666668