0 0.180859375 0.1951388888888889 0.05703125 0.1375
0 0.813671875 0.22847222222222222 0.06953125 0.11527777777777778
0 0.5671875 0.23333333333333334 0.0609375 0.10277777777777777
0 0.3609375 0.23541666666666666 0.0640625 0.09027777777777778
0 0.075 0.33958333333333335 0.0703125 0.09305555555555556
0 0.55234375 0.35208333333333336 0.075 0.14027777777777778
0 0.847265625 0.4097222222222222 0.06484375 0.09444444444444444
0 0.238671875 0.48194444444444445 0.07265625 0.14444444444444443
0 0.8953125 0.5069444444444444 0.0828125 0.18055555555555555
0 0.5359375 0.5486111111111112 0.0921875 0.12222222222222222
0 0.497265625 0.7770833333333333 0.11484375 0.2902777777777778