0 0.3609375 0.2111111111111111 0.0578125 0.125
0 0.56875 0.22013888888888888 0.0515625 0.11527777777777778
0 0.159765625 0.22430555555555556 0.08046875 0.06805555555555555
0 0.803125 0.24375 0.0671875 0.1125
0 0.07265625 0.3104166666666667 0.071875 0.14583333333333334
0 0.55625 0.33125 0.0765625 0.16527777777777777
0 0.8421875 0.3576388888888889 0.0734375 0.14583333333333334
0 0.217578125 0.4930555555555556 0.08671875 0.15555555555555556
0 0.905078125 0.5048611111111111 0.09296875 0.18472222222222223
0 0.540625 0.5416666666666666 0.0953125 0.1361111111111111
0 0.500390625 0.8284722222222223 0.12109375 0.2263888888888889