0 0.184765625 0.20208333333333334 0.05859375 0.11805555555555555
0 0.364453125 0.21597222222222223 0.05546875 0.11805555555555555
0 0.571484375 0.23680555555555555 0.06015625 0.10416666666666667
0 0.808203125 0.2465277777777778 0.06796875 0.09583333333333334
0 0.076953125 0.33819444444444446 0.07734375 0.09027777777777778
0 0.550390625 0.35208333333333336 0.06484375 0.11805555555555555
0 0.8421875 0.41458333333333336 0.0640625 0.09861111111111111
0 0.238671875 0.48194444444444445 0.08203125 0.15555555555555556
0 0.89453125 0.5083333333333333 0.084375 0.19166666666666668
0 0.5359375 0.5416666666666666 0.0859375 0.1361111111111111
0 0.48515625 0.8215277777777777 0.1125 0.22916666666666666