0 0.025 0.19583333333333333 0.05 0.12222222222222222
0 0.168359375 0.19791666666666666 0.06328125 0.11527777777777778
0 0.371484375 0.21319444444444444 0.05390625 0.12361111111111112
0 0.57109375 0.21944444444444444 0.05625 0.13055555555555556
0 0.8078125 0.25069444444444444 0.0671875 0.12083333333333333
0 0.090234375 0.3013888888888889 0.06328125 0.14444444444444443
0 0.83828125 0.32430555555555557 0.075 0.15694444444444444
0 0.549609375 0.3659722222222222 0.08515625 0.1125
0 0.8984375 0.48055555555555557 0.1078125 0.225
0 0.53359375 0.5152777777777777 0.096875 0.17777777777777778
0 0.191015625 0.55625 0.12109375 0.10416666666666667
0 0.491015625 0.7833333333333333 0.11484375 0.2916666666666667