0 0.16953125 0.1951388888888889 0.059375 0.11527777777777778
0 0.365234375 0.21041666666666667 0.05703125 0.10694444444444444
0 0.80390625 0.22569444444444445 0.065625 0.11527777777777778
0 0.570703125 0.22569444444444445 0.06171875 0.09861111111111111
0 0.07109375 0.32430555555555557 0.08125 0.12361111111111112
0 0.55703125 0.3451388888888889 0.08125 0.12083333333333333
0 0.8453125 0.3638888888888889 0.0671875 0.13055555555555556
0 0.898828125 0.48125 0.09921875 0.22083333333333333
0 0.53125 0.49166666666666664 0.0890625 0.20833333333333334
0 0.213671875 0.5222222222222223 0.09765625 0.09166666666666666
0 0.48515625 0.8319444444444445 0.121875 0.2