0 0.18125 0.1951388888888889 0.0609375 0.12083333333333333
0 0.80703125 0.21597222222222223 0.059375 0.12361111111111112
0 0.36171875 0.22569444444444445 0.0625 0.10972222222222222
0 0.565625 0.23194444444444445 0.0609375 0.10555555555555556
0 0.071875 0.3298611111111111 0.0765625 0.10694444444444444
0 0.554296875 0.33958333333333335 0.08203125 0.13194444444444445
0 0.846484375 0.4131944444444444 0.07890625 0.10138888888888889
0 0.239453125 0.48125 0.08359375 0.16527777777777777
0 0.90546875 0.5055555555555555 0.0984375 0.18611111111111112
0 0.5359375 0.5381944444444444 0.1046875 0.12916666666666668
0 0.483984375 0.8347222222222223 0.12890625 0.2