0 0.164453125 0.20208333333333334 0.06171875 0.10694444444444444
0 0.360546875 0.21666666666666667 0.06328125 0.10277777777777777
0 0.567578125 0.22430555555555556 0.05546875 0.11805555555555555
0 0.8078125 0.2423611111111111 0.0703125 0.11527777777777778
0 0.07109375 0.31875 0.075 0.12916666666666668
0 0.84765625 0.35555555555555557 0.078125 0.16944444444444445
0 0.548828125 0.35555555555555557 0.08046875 0.11388888888888889
0 0.210546875 0.5208333333333334 0.09765625 0.1
0 0.9046875 0.5368055555555555 0.0921875 0.14305555555555555
0 0.53515625 0.5451388888888888 0.096875 0.1375
0 0.48984375 0.8479166666666667 0.1125 0.1875