0 0.026953125 0.19236111111111112 0.05390625 0.13472222222222222
0 0.168359375 0.19930555555555557 0.06328125 0.12361111111111112
0 0.566796875 0.21875 0.05703125 0.12916666666666668
0 0.362109375 0.22083333333333333 0.06640625 0.11666666666666667
0 0.80703125 0.24097222222222223 0.059375 0.10138888888888889
0 0.08984375 0.31319444444444444 0.0625 0.12916666666666668
0 0.84453125 0.33958333333333335 0.071875 0.1763888888888889
0 0.548046875 0.35694444444444445 0.08515625 0.11388888888888889
0 0.894140625 0.5041666666666667 0.08671875 0.19444444444444445
0 0.531640625 0.5256944444444445 0.10234375 0.15416666666666667
0 0.19140625 0.5513888888888889 0.121875 0.09444444444444444
0 0.4921875 0.7833333333333333 0.1171875 0.26944444444444443