0 0.025390625 0.19930555555555557 0.05078125 0.13472222222222222
0 0.17265625 0.2076388888888889 0.065625 0.12916666666666668
0 0.362890625 0.22013888888888888 0.07109375 0.12083333333333333
0 0.56953125 0.24097222222222223 0.065625 0.1125
0 0.80703125 0.24513888888888888 0.059375 0.11527777777777778
0 0.090625 0.31319444444444444 0.0671875 0.14027777777777778
0 0.840625 0.3416666666666667 0.0703125 0.175
0 0.548828125 0.3659722222222222 0.08671875 0.11805555555555555
0 0.89140625 0.5041666666666667 0.0875 0.19444444444444445
0 0.5296875 0.5256944444444445 0.0953125 0.15416666666666667
0 0.188671875 0.55 0.11015625 0.09722222222222222
0 0.49296875 0.8319444444444445 0.121875 0.21666666666666667