0 0.180078125 0.18680555555555556 0.05546875 0.1375
0 0.025 0.2013888888888889 0.05 0.13333333333333333
0 0.363671875 0.20694444444444443 0.06328125 0.12222222222222222
0 0.569921875 0.21736111111111112 0.04453125 0.11527777777777778
0 0.809765625 0.22291666666666668 0.05859375 0.12638888888888888
0 0.084375 0.3034722222222222 0.0453125 0.12083333333333333
0 0.551171875 0.3611111111111111 0.08359375 0.11666666666666667
0 0.8375 0.3972222222222222 0.0890625 0.09722222222222222
0 0.202734375 0.49583333333333335 0.08203125 0.1388888888888889
0 0.905859375 0.5180555555555556 0.08515625 0.16666666666666666
0 0.532421875 0.5388888888888889 0.09453125 0.125
0 0.49296875 0.8256944444444444 0.121875 0.20972222222222223