0 0.572265625 0.21041666666666667 0.05859375 0.12361111111111112
0 0.162109375 0.21666666666666667 0.06328125 0.09166666666666666
0 0.364453125 0.23333333333333334 0.07734375 0.09166666666666666
0 0.8078125 0.23958333333333334 0.0734375 0.11527777777777778
0 0.074609375 0.32430555555555557 0.06328125 0.11805555555555555
0 0.54921875 0.3284722222222222 0.084375 0.1486111111111111
0 0.84609375 0.3527777777777778 0.071875 0.1527777777777778
0 0.238671875 0.48680555555555555 0.08515625 0.15416666666666667
0 0.896875 0.5277777777777778 0.1078125 0.16944444444444445
0 0.535546875 0.5416666666666666 0.09453125 0.11944444444444445
0 0.484375 0.83125 0.1078125 0.1986111111111111