0 0.02421875 0.2 0.0484375 0.125
0 0.16875 0.2111111111111111 0.0734375 0.10277777777777777
0 0.80625 0.22291666666666668 0.0703125 0.12638888888888888
0 0.358203125 0.22569444444444445 0.08046875 0.09861111111111111
0 0.5703125 0.2361111111111111 0.0703125 0.09722222222222222
0 0.0671875 0.33402777777777776 0.0796875 0.10416666666666667
0 0.551953125 0.3576388888888889 0.08046875 0.11805555555555555
0 0.8421875 0.3638888888888889 0.0734375 0.13055555555555556
0 0.531640625 0.49583333333333335 0.09921875 0.2
0 0.918359375 0.5194444444444445 0.09765625 0.1638888888888889
0 0.187890625 0.5513888888888889 0.12109375 0.1111111111111111
0 0.488671875 0.8909722222222223 0.12578125 0.19027777777777777