0 0.57421875 0.20972222222222223 0.059375 0.12777777777777777
0 0.364453125 0.21319444444444444 0.05234375 0.11805555555555555
0 0.188671875 0.2326388888888889 0.05078125 0.07916666666666666
0 0.806640625 0.2465277777777778 0.07109375 0.10694444444444444
0 0.079296875 0.3138888888888889 0.06640625 0.11944444444444445
0 0.850390625 0.35555555555555557 0.07890625 0.1527777777777778
0 0.5515625 0.35555555555555557 0.0734375 0.11388888888888889
0 0.90234375 0.5180555555555556 0.1 0.16666666666666666
0 0.206640625 0.5291666666666667 0.09609375 0.09444444444444444
0 0.530078125 0.5375 0.09296875 0.14444444444444443
0 0.308984375 0.8423611111111111 0.14140625 0.31527777777777777
0 0.4859375 0.8430555555555556 0.1296875 0.18888888888888888