0 0.364453125 0.21041666666666667 0.05546875 0.12916666666666668
0 0.1703125 0.21597222222222223 0.0703125 0.09027777777777778
0 0.56796875 0.22013888888888888 0.05625 0.12638888888888888
0 0.8078125 0.2465277777777778 0.0671875 0.10694444444444444
0 0.071875 0.33125 0.0734375 0.10972222222222222
0 0.8453125 0.3548611111111111 0.0765625 0.15138888888888888
0 0.54765625 0.3645833333333333 0.084375 0.10972222222222222
0 0.894921875 0.5229166666666667 0.09765625 0.1597222222222222
0 0.5359375 0.5395833333333333 0.0953125 0.1375
0 0.233203125 0.5527777777777778 0.08359375 0.11944444444444445
0 0.490625 0.7777777777777778 0.1203125 0.28055555555555556