0 0.02265625 0.19930555555555557 0.0453125 0.12916666666666668
0 0.80390625 0.21666666666666667 0.05625 0.125
0 0.170703125 0.21875 0.06796875 0.10694444444444444
0 0.36328125 0.22916666666666666 0.065625 0.1
0 0.571875 0.23819444444444443 0.0578125 0.10138888888888889
0 0.06953125 0.3402777777777778 0.084375 0.1
0 0.853125 0.35833333333333334 0.0671875 0.13055555555555556
0 0.55546875 0.36180555555555555 0.084375 0.11527777777777778
0 0.887890625 0.5444444444444444 0.08984375 0.15833333333333333
0 0.53515625 0.5444444444444444 0.096875 0.1361111111111111
0 0.18828125 0.55 0.103125 0.10277777777777777
0 0.4890625 0.8465277777777778 0.1328125 0.16805555555555557