0 0.174609375 0.19791666666666666 0.05703125 0.10972222222222222
0 0.355859375 0.21180555555555555 0.05390625 0.10416666666666667
0 0.57265625 0.21875 0.05625 0.11805555555555555
0 0.815890625 0.226625 0.078125 0.11527777777777778
0 0.09375 0.3111111111111111 0.0671875 0.14722222222222223
0 0.546875 0.32569444444444445 0.0765625 0.15416666666666667
0 0.842578125 0.3506944444444444 0.07421875 0.1486111111111111
0 0.902734375 0.48680555555555555 0.10390625 0.20972222222222223
0 0.20703125 0.525 0.090625 0.10833333333333334
0 0.5375 0.5472222222222223 0.0921875 0.13055555555555556
0 0.4953125 0.7763888888888889 0.1234375 0.28888888888888886