0 0.020703125 0.20069444444444445 0.04140625 0.10416666666666667
0 0.1703125 0.20416666666666666 0.0578125 0.10555555555555556
0 0.575390625 0.21319444444444444 0.06484375 0.14027777777777778
0 0.353515625 0.22013888888888888 0.06484375 0.12083333333333333
0 0.8109375 0.23472222222222222 0.0734375 0.1111111111111111
0 0.08984375 0.3034722222222222 0.059375 0.14305555555555555
0 0.55625 0.34791666666666665 0.0890625 0.14305555555555555
0 0.8421875 0.3548611111111111 0.0703125 0.13472222222222222
0 0.225390625 0.46597222222222223 0.06484375 0.18472222222222223
0 0.9046875 0.48194444444444445 0.1046875 0.22777777777777777
0 0.5359375 0.55 0.0984375 0.1361111111111111
0 0.294140625 0.5923611111111111 0.10546875 0.2875
0 0.490625 0.85 0.1140625 0.19722222222222222