0 0.366015625 0.20277777777777778 0.05859375 0.11944444444444445
0 0.172265625 0.21319444444444444 0.06171875 0.09027777777777778
0 0.57421875 0.2326388888888889 0.05625 0.10138888888888889
0 0.81953125 0.25069444444444444 0.071875 0.10416666666666667
0 0.06875 0.3326388888888889 0.0796875 0.10138888888888889
0 0.559375 0.3548611111111111 0.0859375 0.12916666666666668
0 0.82890625 0.4 0.084375 0.09166666666666666
0 0.205859375 0.49930555555555556 0.07578125 0.14027777777777778
0 0.895703125 0.5097222222222222 0.09921875 0.17777777777777778
0 0.53515625 0.5513888888888889 0.096875 0.11666666666666667
0 0.49609375 0.8416666666666667 0.134375 0.18611111111111112