0 0.02578125 0.1986111111111111 0.0515625 0.12777777777777777
0 0.173046875 0.21666666666666667 0.06640625 0.10277777777777777
0 0.35625 0.225 0.0796875 0.10833333333333334
0 0.56875 0.23819444444444443 0.0671875 0.10138888888888889
0 0.808984375 0.24930555555555556 0.06015625 0.10694444444444444
0 0.07265625 0.3451388888888889 0.078125 0.10972222222222222
0 0.840625 0.34930555555555554 0.0640625 0.15694444444444444
0 0.55234375 0.3597222222222222 0.0875 0.10555555555555556
0 0.904296875 0.5013888888888889 0.09765625 0.19444444444444445
0 0.190234375 0.5479166666666667 0.11953125 0.0875
0 0.534375 0.5541666666666667 0.0984375 0.12222222222222222
0 0.49375 0.8208333333333333 0.1328125 0.23333333333333334