0 0.025390625 0.19375 0.05078125 0.14583333333333334
0 0.174609375 0.20208333333333334 0.06015625 0.10694444444444444
0 0.35625 0.21180555555555555 0.0671875 0.12638888888888888
0 0.569140625 0.23472222222222222 0.05859375 0.1111111111111111
0 0.816015625 0.24444444444444444 0.05234375 0.10277777777777777
0 0.76484375 0.26805555555555555 0.065625 0.2111111111111111
0 0.078125 0.32083333333333336 0.0703125 0.11666666666666667
0 0.551953125 0.3541666666666667 0.07421875 0.14166666666666666
0 0.850390625 0.3576388888888889 0.07734375 0.14027777777777778
0 0.52578125 0.49027777777777776 0.096875 0.18333333333333332
0 0.891015625 0.51875 0.09609375 0.14583333333333334
0 0.212109375 0.5194444444444445 0.10078125 0.11388888888888889
0 0.480078125 0.8409722222222222 0.11796875 0.16805555555555557