0 0.023828125 0.19652777777777777 0.04765625 0.11805555555555555
0 0.165234375 0.20625 0.06328125 0.10416666666666667
0 0.3566328125 0.21295833333333336 0.05859375 0.11388888888888889
0 0.575 0.23541666666666666 0.0515625 0.09583333333333334
0 0.815234375 0.23958333333333334 0.07578125 0.09027777777777778
0 0.09296875 0.30833333333333335 0.06875 0.1527777777777778
0 0.553125 0.3326388888888889 0.0640625 0.1736111111111111
0 0.83984375 0.3527777777777778 0.075 0.14166666666666666
0 0.89375 0.5118055555555555 0.1015625 0.18194444444444444
0 0.21328125 0.5236111111111111 0.078125 0.10555555555555556
0 0.540234375 0.5555555555555556 0.09765625 0.125
0 0.49375 0.8145833333333333 0.1234375 0.22083333333333333