0 0.165234375 0.20416666666666666 0.05703125 0.10555555555555556
0 0.36640625 0.22291666666666668 0.053125 0.12638888888888888
0 0.80859375 0.23819444444444443 0.059375 0.10138888888888889
0 0.56171875 0.24097222222222223 0.05625 0.09583333333333334
0 0.0921875 0.30277777777777776 0.0609375 0.14166666666666666
0 0.5546875 0.3486111111111111 0.0765625 0.11666666666666667
0 0.84453125 0.3597222222222222 0.075 0.12777777777777777
0 0.528125 0.5097222222222222 0.0859375 0.18333333333333332
0 0.208984375 0.5180555555555556 0.08203125 0.09444444444444444
0 0.898828125 0.525 0.09296875 0.15833333333333333
0 0.4890625 0.8666666666666667 0.1140625 0.15833333333333333