0 0.0265625 0.19791666666666666 0.053125 0.13194444444444445
0 0.168359375 0.20347222222222222 0.06328125 0.12083333333333333
0 0.359765625 0.21944444444444444 0.06796875 0.11944444444444445
0 0.808984375 0.23958333333333334 0.06640625 0.10416666666666667
0 0.567578125 0.24097222222222223 0.06171875 0.10694444444444444
0 0.091796875 0.30277777777777776 0.06640625 0.14166666666666666
0 0.548828125 0.3277777777777778 0.08046875 0.15833333333333333
0 0.8390625 0.3541666666666667 0.0796875 0.16111111111111112
0 0.887109375 0.5243055555555556 0.09453125 0.16805555555555557
0 0.523828125 0.5305555555555556 0.10546875 0.14722222222222223
0 0.192578125 0.5569444444444445 0.13046875 0.11666666666666667
0 0.491796875 0.8333333333333334 0.11953125 0.20833333333333334