0 0.5734375 0.22083333333333333 0.0453125 0.15
0 0.362109375 0.22291666666666668 0.07265625 0.12083333333333333
0 0.8046875 0.2263888888888889 0.0671875 0.11666666666666667
0 0.158984375 0.22847222222222222 0.07578125 0.07083333333333333
0 0.07109375 0.3173611111111111 0.065625 0.11527777777777778
0 0.55234375 0.31875 0.071875 0.1736111111111111
0 0.83984375 0.35625 0.075 0.14305555555555555
0 0.22265625 0.48055555555555557 0.084375 0.15833333333333333
0 0.901953125 0.4861111111111111 0.09921875 0.21388888888888888
0 0.530078125 0.5138888888888888 0.08671875 0.16944444444444445
0 0.217578125 0.5965277777777778 0.07109375 0.3236111111111111
0 0.4875 0.8458333333333333 0.1140625 0.17222222222222222