0 0.176171875 0.18611111111111112 0.05390625 0.13055555555555556
0 0.56796875 0.21597222222222223 0.05625 0.12361111111111112
0 0.362109375 0.23402777777777778 0.06015625 0.09305555555555556
0 0.81171875 0.24513888888888888 0.06875 0.10416666666666667
0 0.55703125 0.31319444444444444 0.075 0.17916666666666667
0 0.06796875 0.3215277777777778 0.071875 0.11805555555555555
0 0.84453125 0.36041666666666666 0.0875 0.13472222222222222
0 0.238671875 0.4791666666666667 0.07890625 0.16111111111111112
0 0.8921875 0.4930555555555556 0.0984375 0.2222222222222222
0 0.537890625 0.5506944444444445 0.08984375 0.12638888888888888
0 0.48359375 0.8305555555555556 0.125 0.20833333333333334