0 0.168359375 0.21180555555555555 0.06640625 0.0875
0 0.362890625 0.22569444444444445 0.07734375 0.10972222222222222
0 0.567578125 0.24097222222222223 0.06171875 0.1125
0 0.8078125 0.24722222222222223 0.0734375 0.09722222222222222
0 0.080859375 0.30972222222222223 0.06953125 0.1388888888888889
0 0.8453125 0.35625 0.0796875 0.1375
0 0.551953125 0.36319444444444443 0.08671875 0.10694444444444444
0 0.8875 0.5409722222222222 0.1078125 0.14583333333333334
0 0.53671875 0.55 0.1 0.11388888888888889
0 0.235546875 0.5534722222222223 0.07265625 0.10972222222222222
0 0.480078125 0.85 0.12421875 0.175