0 0.025390625 0.18958333333333333 0.05078125 0.1375
0 0.16796875 0.19930555555555557 0.0625 0.1125
0 0.56875 0.2111111111111111 0.0578125 0.125
0 0.363671875 0.21388888888888888 0.06328125 0.11944444444444445
0 0.807421875 0.24930555555555556 0.06328125 0.1125
0 0.090625 0.3076388888888889 0.0640625 0.12916666666666668
0 0.839453125 0.34791666666666665 0.07578125 0.15138888888888888
0 0.548828125 0.36527777777777776 0.08671875 0.10555555555555556
0 0.89296875 0.48333333333333334 0.1 0.23055555555555557
0 0.539453125 0.5416666666666666 0.10546875 0.15833333333333333
0 0.1921875 0.5513888888888889 0.1203125 0.1
0 0.486328125 0.7756944444444445 0.11171875 0.2875