0 0.1671875 0.21458333333333332 0.0640625 0.10416666666666667
0 0.361328125 0.22847222222222222 0.07421875 0.10416666666666667
0 0.565625 0.23680555555555555 0.0703125 0.09861111111111111
0 0.8078125 0.24722222222222223 0.0734375 0.09722222222222222
0 0.071875 0.3284722222222222 0.0734375 0.10416666666666667
0 0.850390625 0.35625 0.07734375 0.1375
0 0.548828125 0.36736111111111114 0.09453125 0.10416666666666667
0 0.533203125 0.5354166666666667 0.10078125 0.13194444444444445
0 0.89609375 0.5368055555555555 0.09375 0.14583333333333334
0 0.23046875 0.5548611111111111 0.08125 0.1125
0 0.4765625 0.8451388888888889 0.125 0.18194444444444444