0 0.025390625 0.19305555555555556 0.05078125 0.11666666666666667
0 0.171484375 0.2111111111111111 0.06015625 0.10277777777777777
0 0.567578125 0.21597222222222223 0.05546875 0.13472222222222222
0 0.354296875 0.21736111111111112 0.06640625 0.11527777777777778
0 0.81328125 0.25277777777777777 0.071875 0.08611111111111111
0 0.09453125 0.3034722222222222 0.071875 0.1486111111111111
0 0.55234375 0.33819444444444446 0.08125 0.15138888888888888
0 0.8421875 0.36041666666666666 0.0671875 0.13472222222222222
0 0.213671875 0.5097222222222222 0.07890625 0.12777777777777777
0 0.894140625 0.5111111111111111 0.09296875 0.18055555555555555
0 0.536328125 0.5472222222222223 0.09921875 0.13055555555555556
0 0.4921875 0.8736111111111111 0.1109375 0.20555555555555555