0 0.358203125 0.2076388888888889 0.07421875 0.09305555555555556
0 0.151171875 0.21458333333333332 0.09140625 0.09305555555555556
0 0.5734375 0.21666666666666667 0.0671875 0.1361111111111111
0 0.8078125 0.24375 0.0703125 0.10694444444444444
0 0.375 0.27708333333333335 0.0546875 0.22361111111111112
0 0.07265625 0.3215277777777778 0.078125 0.12361111111111112
0 0.557421875 0.35208333333333336 0.08515625 0.12916666666666668
0 0.8453125 0.35555555555555557 0.0734375 0.13055555555555556
0 0.90078125 0.48333333333333334 0.1 0.23055555555555557
0 0.223828125 0.49236111111111114 0.08046875 0.16527777777777777
0 0.53125 0.5180555555555556 0.0953125 0.16111111111111112
0 0.486328125 0.8388888888888889 0.12421875 0.18055555555555555