0 0.025390625 0.1951388888888889 0.05078125 0.12638888888888888
0 0.16953125 0.20277777777777778 0.059375 0.11944444444444445
0 0.362109375 0.21666666666666667 0.06640625 0.10277777777777777
0 0.56796875 0.2388888888888889 0.075 0.11388888888888889
0 0.801953125 0.24444444444444444 0.06171875 0.11388888888888889
0 0.0875 0.2965277777777778 0.0671875 0.14027777777777778
0 0.8453125 0.3451388888888889 0.0703125 0.1736111111111111
0 0.545703125 0.36041666666666666 0.09296875 0.11805555555555555
0 0.901953125 0.5180555555555556 0.09921875 0.17222222222222222
0 0.5234375 0.51875 0.0984375 0.16805555555555557
0 0.188671875 0.5527777777777778 0.11953125 0.09722222222222222
0 0.494921875 0.8416666666666667 0.12578125 0.20833333333333334