0 0.023828125 0.19375 0.04765625 0.10972222222222222
0 0.173828125 0.20069444444444445 0.06484375 0.10972222222222222
0 0.362890625 0.21597222222222223 0.05234375 0.12361111111111112
0 0.568359375 0.21875 0.05390625 0.12361111111111112
0 0.805078125 0.24375 0.06171875 0.10138888888888889
0 0.090234375 0.3090277777777778 0.06328125 0.15416666666666667
0 0.8390625 0.3347222222222222 0.0734375 0.16666666666666666
0 0.55 0.3736111111111111 0.0890625 0.1111111111111111
0 0.894921875 0.4840277777777778 0.09765625 0.2152777777777778
0 0.531640625 0.5152777777777777 0.08984375 0.17777777777777778
0 0.185546875 0.5486111111111112 0.11640625 0.07777777777777778
0 0.49453125 0.7729166666666667 0.11875 0.2708333333333333