0 0.162890625 0.20833333333333334 0.07109375 0.09722222222222222
0 0.36484375 0.21388888888888888 0.05625 0.11944444444444445
0 0.5671875 0.23402777777777778 0.0671875 0.10416666666666667
0 0.80859375 0.24513888888888888 0.06875 0.09305555555555556
0 0.07734375 0.3375 0.06875 0.08333333333333333
0 0.5515625 0.34930555555555554 0.0703125 0.1125
0 0.836328125 0.40694444444444444 0.07421875 0.08888888888888889
0 0.236328125 0.48055555555555557 0.07421875 0.14722222222222223
0 0.898828125 0.5006944444444444 0.08671875 0.19305555555555556
0 0.53671875 0.5430555555555555 0.0875 0.11666666666666667
0 0.4859375 0.8236111111111111 0.1171875 0.20555555555555555