2 0.28718750000000004 0.33597916666666666 0.04765625 0.059354166666666666
1 0.435109375 0.24489583333333334 0.02228125 0.020708333333333332
1 0.454953125 0.24893749999999998 0.01875 0.028791666666666667
1 0.555359375 0.3844166666666667 0.023109374999999998 0.021687500000000002
1 0.599078125 0.4189375 0.029828125 0.0348125
1 0.409203125 0.5216875 0.02953125 0.04510416666666666
1 0.379765625 0.45214583333333336 0.019921875 0.031208333333333334
1 0.235890625 0.3950625 0.029140624999999996 0.036270833333333335
1 0.705125 0.6848541666666667 0.0393125 0.042499999999999996
1 0.800140625 0.7818333333333333 0.11170312499999999 0.14314583333333333
1 0.8647343749999999 0.5714791666666666 0.03228125 0.055
1 0.656265625 0.43779166666666663 0.0244375 0.034791666666666665
1 0.6403749999999999 0.3078125 0.0195625 0.026125
1 0.7045312499999999 0.2655416666666667 0.02409375 0.036708333333333336