2 0.8050312500000001 0.8706458333333333 0.095859375 0.10285416666666666
2 0.7362031250000001 0.7708958333333332 0.085640625 0.09247916666666667
2 0.5582499999999999 0.6604166666666667 0.10107812499999999 0.12079166666666666
2 0.49134374999999997 0.6062291666666667 0.06979687500000001 0.11560416666666667
2 0.9234218750000001 0.73025 0.050796875 0.1023125
2 0.56809375 0.1545 0.052765625000000003 0.08262499999999999
1 0.360390625 0.3265 0.022625 0.029166666666666667
1 0.3399375 0.28825 0.041765625 0.0404375
1 0.23137500000000003 0.3706875 0.032468750000000005 0.036083333333333335
1 0.551921875 0.5590416666666667 0.06825 0.0685
1 0.326890625 0.688625 0.01909375 0.057854166666666665
1 0.7629374999999999 0.7171458333333334 0.12276562499999999 0.09297916666666667
1 0.896296875 0.8013750000000001 0.045203125 0.06872916666666667
1 0.916609375 0.5759166666666666 0.0365 0.05489583333333334
1 0.9852343749999999 0.627375 0.018640625 0.03720833333333333
1 0.7821875 0.5112708333333333 0.03553125 0.03995833333333333
1 0.8481093749999999 0.42124999999999996 0.028734375 0.049479166666666664
1 0.5355624999999999 0.374 0.021671875 0.0301875
1 0.6287499999999999 0.42570833333333336 0.036484375 0.027083333333333334
1 0.5746875 0.40275 0.027078124999999998 0.032875