2 0.6872812500000001 0.5031458333333333 0.092703125 0.16379166666666667
2 0.27725 0.6321458333333333 0.12262500000000001 0.15929166666666666
2 0.173109375 0.29691666666666666 0.109453125 0.0858125
2 0.60771875 0.245625 0.04696875 0.079375
2 0.5757656250000001 0.171875 0.024734375 0.07077083333333332
2 0.784125 0.3124166666666667 0.03940625 0.08475
2 0.9355781249999999 0.3928333333333333 0.042312499999999996 0.08
2 0.88109375 0.5171875 0.08109374999999999 0.07497916666666667
2 0.550734375 0.07760416666666667 0.033359375000000004 0.045145833333333336
2 0.540109375 0.059416666666666666 0.03215625 0.0301875
1 0.3200625 0.9720624999999999 0.07179687500000001 0.055875
1 0.22107812500000001 0.9495833333333333 0.06539062500000001 0.1008125