2 0.07080853174603174 0.6571869488536155 0.057291666666666664 0.09391534391534391
2 0.23883928571428573 0.6444003527336861 0.05803571428571429 0.09391534391534391
2 0.5939980158730159 0.5908289241622575 0.047619047619047616 0.09876543209876543
2 0.46081349206349204 0.5890652557319224 0.05009920634920635 0.09259259259259259
2 0.8608630952380952 0.5590828924162258 0.051587301587301584 0.10229276895943562
2 0.9574652777777778 0.5612874779541446 0.05530753968253968 0.1111111111111111
2 0.8097718253968254 0.49691358024691357 0.03819444444444445 0.07760141093474426
2 0.46651785714285715 0.49096119929453264 0.03720238095238095 0.068342151675485
2 0.3273809523809524 0.5306437389770723 0.028769841269841268 0.06128747795414462
2 0.16034226190476192 0.5504850088183422 0.04439484126984127 0.07539682539682539
2 0.6262400793650794 0.4435626102292769 0.028769841269841268 0.059082892416225746
2 0.23462301587301587 0.5249118165784833 0.03521825396825397 0.06393298059964726
1 0.8405257936507936 0.6823192239858906 0.025297619047619048 0.01455026455026455