2 0.735421875 0.7650833333333333 0.101453125 0.10018750000000001
2 0.86284375 0.4703958333333333 0.051937500000000004 0.0738125
1 0.791 0.5231875 0.046171875 0.035645833333333335
1 0.381203125 0.450375 0.026453125 0.048125
1 0.5784374999999999 0.5778333333333333 0.058609375 0.029916666666666664
1 0.76103125 0.7153125 0.12332812500000001 0.09131249999999999
1 0.891421875 0.7889375 0.04253125 0.054187500000000006
1 0.589453125 0.7962916666666667 0.041203125 0.043812500000000004
1 0.32292187499999997 0.679625 0.029046875 0.03960416666666667
1 0.23312499999999997 0.3699375 0.02690625 0.03266666666666666
1 0.341328125 0.2844166666666667 0.02765625 0.027083333333333334