1 0.8084250000000001 0.5534666666666667 0.08593125 0.143225
1 0.46354375 0.5958666666666667 0.08930624999999999 0.14136666666666667
1 0.29831875 0.5525416666666666 0.0763625 0.13470833333333335
1 0.67268125 0.4461916666666666 0.04234375 0.07581666666666667
1 0.56308125 0.453925 0.047400000000000005 0.078625
1 0.457 0.46838333333333326 0.046462500000000004 0.07431666666666667
1 0.27123125000000003 0.43094166666666667 0.04039375 0.075375
1 0.30781875 0.44227500000000003 0.05493125 0.08223333333333334
1 0.37737499999999996 0.40523333333333333 0.03434375 0.05719166666666666
1 0.4991375 0.39468333333333333 0.03699375 0.05508333333333333
1 0.54324375 0.3815 0.02790625 0.0477
1 0.97031875 0.29814166666666664 0.0399375 0.06133333333333333
1 0.46738124999999997 0.35263333333333335 0.022125 0.03900833333333333
1 0.5134624999999999 0.36089166666666667 0.0217375 0.03654166666666667
1 0.5893125 0.3557916666666667 0.02036875 0.03900833333333333
2 0.4824875 0.7443166666666666 0.076075 0.064525
2 0.63428125 0.468075 0.03199375 0.027825
2 0.5377000000000001 0.4247416666666667 0.021556250000000002 0.020274999999999998