2 0.66295 0.53915 0.059906249999999994 0.055358333333333336
1 0.53591875 0.44551666666666667 0.054425 0.09201666666666666
1 0.43455625 0.421325 0.03765625 0.06640833333333333
1 0.3818875 0.43593333333333334 0.05294375 0.09295
1 0.448675 0.36859166666666665 0.026575 0.04161666666666666
1 0.5971875 0.36039166666666667 0.01763125 0.039900000000000005
1 0.6640937499999999 0.364275 0.025750000000000002 0.04094166666666667
1 0.756575 0.38406666666666667 0.033 0.059116666666666665
1 0.79421875 0.40905 0.0414875 0.0741
1 0.6918125 0.4111 0.0408125 0.070975
1 0.601325 0.43820000000000003 0.042874999999999996 0.07073333333333333
1 0.49481875000000003 0.4315166666666667 0.0349875 0.06474166666666667
1 0.24524374999999998 0.38526666666666665 0.03304375 0.049466666666666666
2 0.21631875 0.4190416666666667 0.0233625 0.02465
1 0.17949375 0.41035 0.03684375 0.062825
1 0.12063750000000001 0.3682666666666667 0.020337499999999998 0.040725
1 0.142875 0.388625 0.03343125 0.052566666666666664
2 0.23783125 0.48770833333333335 0.026875 0.05878333333333334
1 0.25423124999999996 0.45288333333333336 0.04126875 0.08800833333333333
1 0.18430625 0.5584333333333333 0.06790625 0.11645833333333333
1 0.06041875 0.45195833333333335 0.05168125 0.070775
1 0.07776875 0.3954333333333333 0.03633125 0.045191666666666665