1 0.73294375 0.6226916666666666 0.09616875 0.12695
2 0.58286875 0.7512916666666666 0.07840625 0.059574999999999996
1 0.59101875 0.6064999999999999 0.06435625 0.10585833333333333
1 0.48395625000000003 0.5865916666666666 0.0584875 0.09144999999999999
1 0.6452375 0.49485000000000007 0.04713125 0.08588333333333334
1 0.67901875 0.483975 0.02926875 0.062433333333333334
1 0.8311875000000001 0.503425 0.0660375 0.1049
1 0.7283 0.422 0.01939375 0.046533333333333336
1 0.83895 0.42995000000000005 0.036387499999999996 0.03890833333333333
1 0.9172750000000001 0.4861583333333333 0.0532625 0.0779
2 0.9750125 0.6106 0.04998125 0.05851666666666667
2 0.53273125 0.6229916666666667 0.030525000000000004 0.03025
1 0.5459875000000001 0.5017083333333333 0.04416875 0.08058333333333334
1 0.58263125 0.4486166666666667 0.029925 0.04475833333333334
1 0.53704375 0.43735 0.028425 0.04853333333333334
1 0.4303875 0.4320583333333334 0.02105625 0.03909166666666666
1 0.4539875 0.446275 0.025343749999999998 0.05094166666666667
1 0.33850625 0.4999333333333333 0.03894375 0.05929166666666667
1 0.39254375 0.495125 0.0358875 0.059750000000000004
1 0.14626875 0.5338333333333334 0.040862499999999996 0.06775833333333334
1 0.22163750000000002 0.5593333333333333 0.04468125 0.0815