1 0.22965624999999998 0.6590729166666667 0.086625 0.16152083333333334
1 0.22198437499999998 0.4784375 0.0764921875 0.12316666666666666
1 0.3784609375 0.46879166666666666 0.0633515625 0.11776041666666666
1 0.5460859375 0.4666770833333333 0.0580234375 0.12045833333333333
1 0.6925859375 0.49897916666666664 0.07758593750000001 0.1175625
1 0.6527890625 0.38827083333333334 0.055296875 0.09211458333333335
2 0.3867734375 0.8110729166666667 0.089140625 0.06996875
2 0.375828125 0.5908125 0.0702578125 0.052510416666666664
2 0.1781015625 0.5696979166666666 0.04925 0.08047916666666667
2 0.331046875 0.46571874999999996 0.04534375 0.05497916666666667
2 0.6488828125 0.5001354166666666 0.043390625 0.03960416666666667
2 0.7399140625 0.45268749999999996 0.052515624999999996 0.04094791666666667
2 0.5871796875 0.32241666666666663 0.03578125 0.043083333333333335
2 0.10946875 0.49139583333333337 0.047328125 0.04016666666666667
1 0.6994374999999999 0.33695833333333336 0.038570312499999995 0.07015624999999999
1 0.46958593750000005 0.33923958333333337 0.033687499999999995 0.06469791666666666
1 0.548328125 0.32916666666666666 0.039296874999999995 0.06614583333333333
1 0.64959375 0.2971979166666667 0.0408984375 0.0668125
1 0.4285546875 0.32153125 0.03284375 0.05734375
1 0.3380234375 0.30972916666666667 0.0307421875 0.057791666666666665
1 0.3272890625 0.3625833333333333 0.0288125 0.033166666666666664
1 0.568078125 0.29341666666666666 0.02765625 0.05138541666666666
1 0.5088828125 0.289625 0.02525 0.05205208333333333
1 0.481046875 0.2780416666666667 0.0244765625 0.04716666666666667
1 0.092703125 0.38136458333333334 0.0479296875 0.08352083333333334
1 0.20274999999999999 0.32541666666666663 0.031 0.05426041666666667