1 0.21810625000000003 0.4205083333333333 0.1334375 0.21064166666666667
1 0.7561374999999999 0.2833 0.0786625 0.14289166666666667
1 0.4479875 0.20756666666666668 0.06819375 0.11809166666666668
1 0.0558 0.20849166666666666 0.061325000000000005 0.08660833333333334
1 0.13254375 0.148125 0.04230625 0.07254166666666667
1 0.09052500000000001 0.15238333333333334 0.04076875 0.07440000000000001
1 0.02524375 0.13840000000000002 0.04020625 0.06976666666666667
1 0.27171875 0.115625 0.040662500000000004 0.07088333333333334
1 0.24908124999999998 0.09701666666666667 0.03038125 0.050333333333333334
1 0.16393125 0.10553333333333334 0.0350875 0.054033333333333336
1 0.64570625 0.14979166666666666 0.0461375 0.08254166666666667
1 0.55639375 0.18229166666666666 0.042512499999999995 0.070875
2 0.71905 0.44050833333333334 0.07281875 0.07731666666666667
2 0.51639375 0.43152500000000005 0.1025125 0.09528333333333333
1 0.0797375 0.10963333333333333 0.033556249999999996 0.0461