2 0.4217109375 0.8796666666666667 0.046882812499999996 0.05508333333333334
1 0.42589062499999997 0.6710208333333333 0.0671484375 0.12179166666666667
1 0.32434375000000004 0.6485416666666667 0.07165625 0.10394791666666667
2 0.3200546875 0.8380937500000001 0.068484375 0.056666666666666664
2 0.23439843749999997 0.6543958333333334 0.042890625 0.035958333333333335
1 0.232328125 0.5560833333333334 0.053453125000000004 0.07284375000000001
1 0.331984375 0.5537291666666667 0.054242187500000004 0.07970833333333333
1 0.4569375 0.5548020833333334 0.0448125 0.08363541666666667
2 0.5350234375 0.6806249999999999 0.031117187499999997 0.035770833333333335
1 0.5483203125 0.5525 0.0458046875 0.08740624999999999
1 0.452734375 0.42922916666666666 0.0305078125 0.055697916666666666
1 0.6344453125 0.39242708333333337 0.02165625 0.043145833333333335
1 0.54584375 0.38708333333333333 0.018796874999999998 0.038843749999999996
2 0.534625 0.4227604166666667 0.0100859375 0.02165625
2 0.673625 0.45260416666666664 0.016367187499999998 0.014083333333333333
1 0.6806953124999999 0.40053125 0.025718750000000002 0.04191666666666667
1 0.7417734375 0.3908333333333333 0.0278203125 0.04634375
2 0.6788671875000001 0.47198958333333335 0.017249999999999998 0.02875
1 0.6989453125 0.45307291666666666 0.028867187500000002 0.05730208333333333
2 0.9856484375000001 0.4518333333333333 0.01971875 0.053947916666666665
1 0.9247578125 0.41343749999999996 0.03340625 0.0530625