1 0.0160234375 0.42253124999999997 0.0320390625 0.053031249999999995
1 0.238328125 0.510375 0.0499453125 0.084375
1 0.32315625 0.4054895833333333 0.028125 0.04070833333333333
1 0.39275000000000004 0.42418750000000005 0.0250859375 0.05211458333333333
2 0.588578125 0.48201041666666666 0.030843749999999996 0.025385416666666667
1 0.5510625 0.46759375 0.03909375 0.06880208333333333
2 0.5706328125 0.5828958333333334 0.0488984375 0.033177083333333336
1 0.6210859375 0.46915625 0.042109375 0.07115625
1 0.786875 0.49959375 0.051976562500000004 0.08646875000000001
1 0.6583828125 0.5729375 0.06073437499999999 0.10090625
2 0.6187109375000001 0.7200624999999999 0.0541875 0.05541666666666667
1 0.339171875 0.48784374999999996 0.045632812499999995 0.08279166666666667
1 0.32708593750000003 0.620625 0.0314453125 0.05923958333333333