1 0.5090078124999999 0.6074583333333333 0.0811171875 0.15020833333333333
1 0.32623437499999997 0.6042916666666667 0.076328125 0.139625
2 0.292390625 0.5205208333333333 0.0477421875 0.09240625
2 0.44784375 0.571875 0.062390625 0.05475
2 0.7784609375 0.5560625 0.06294531249999999 0.07926041666666667
1 0.4530625 0.44378124999999996 0.059296875000000006 0.11135416666666667
1 0.6223046875 0.45107291666666666 0.062421875 0.10388541666666667
1 0.785984375 0.5040416666666666 0.0739765625 0.10755208333333334
1 0.79534375 0.4068020833333333 0.0445703125 0.08552083333333332
1 0.698421875 0.41058333333333336 0.0492265625 0.08507291666666666
2 0.699921875 0.53021875 0.050031250000000006 0.04361458333333333
2 0.5082890625 0.4258020833333333 0.046328125 0.07204166666666666
1 0.605734375 0.35033333333333333 0.027218750000000003 0.04958333333333333
1 0.538078125 0.34459375 0.02609375 0.05048958333333333
1 0.3820234375 0.3494895833333333 0.029476562499999998 0.05169791666666667
1 0.583203125 0.37752083333333336 0.0387109375 0.058770833333333335
1 0.5092109375 0.3729791666666667 0.031046875 0.05811458333333333
1 0.10521875 0.40504166666666663 0.0497578125 0.08685416666666666
1 0.029367187500000003 0.3744270833333333 0.0486171875 0.0761875
1 0.1410703125 0.36796875 0.044351562500000004 0.073375