1 0.8383614759224515 0.6292 0.09594121325828643 0.1269
2 0.824671669793621 0.8070416666666667 0.09005003126954347 0.049475
1 0.6546091307066917 0.5860916666666666 0.07486554096310194 0.11004166666666668
1 0.6709380863039399 0.45899166666666663 0.05956848030018762 0.09924166666666667
1 0.8119762351469668 0.43327499999999997 0.06422138836772982 0.11170833333333334
1 0.76916823014384 0.4109083333333333 0.031125703564727956 0.08219166666666666
1 0.7812257661038149 0.30649166666666666 0.031131957473420888 0.058425
1 0.9290806754221388 0.32445833333333335 0.04248280175109444 0.0634
1 0.9778048780487805 0.2745166666666667 0.03358348968105066 0.052475
1 0.46585365853658534 0.35905000000000004 0.029893683552220135 0.05840833333333333
1 0.4254534083802376 0.33589166666666664 0.02535959974984365 0.044649999999999995
1 0.5236272670419012 0.3141416666666667 0.024809255784865543 0.04033333333333333
1 0.5566729205753596 0.33891666666666664 0.03208255159474672 0.051366666666666665
1 0.611588492808005 0.3487166666666667 0.03228893058161351 0.05143333333333333
1 0.34519074421513446 0.38504166666666667 0.03278298936835522 0.047558333333333334
1 0.36151969981238274 0.44788333333333336 0.04135709818636648 0.0685
1 0.4339212007504691 0.44461666666666666 0.037836147592245156 0.07773333333333333
2 0.43451532207629767 0.5521083333333333 0.03564102564102564 0.027733333333333336
1 0.13903064415259536 0.5195416666666667 0.05686679174484053 0.07721666666666667