1 0.7235584740462789 0.6237666666666667 0.08065666041275797 0.12146666666666665
2 0.7101063164477799 0.773425 0.08479674796747967 0.06909166666666666
1 0.5584240150093809 0.5716083333333333 0.06736085053158224 0.11541666666666667
2 0.5594246404002502 0.46925 0.02473420888055034 0.06732500000000001
1 0.7263727329580988 0.42646666666666666 0.05658536585365854 0.09705
1 0.9317573483427143 0.4573 0.06813633520950595 0.11235833333333334
1 0.9571169480925579 0.33426666666666666 0.04492808005003127 0.07026666666666666
1 0.9923327079424641 0.3040083333333333 0.015328330206378988 0.0538
1 0.9055222013758599 0.30288333333333334 0.03123827392120075 0.05733333333333333
1 0.8079424640400251 0.3061583333333333 0.029649781113195744 0.055799999999999995
1 0.7009631019387117 0.30695 0.029737335834896808 0.05341666666666666
2 0.692989368355222 0.3606166666666667 0.02097560975609756 0.032125
1 0.5807317073170732 0.30995833333333334 0.0224765478424015 0.04401666666666667
1 0.5591307066916823 0.3374416666666667 0.031006879299562227 0.052408333333333335
1 0.502145090681676 0.3229166666666667 0.033358348968105064 0.05636666666666667
1 0.4251282051282051 0.3391 0.034527829893683554 0.060474999999999994
1 0.36712945590994367 0.31285 0.02565353345841151 0.04284166666666667
2 0.3630456535334584 0.5246916666666667 0.022132582864290182 0.02950833333333333
1 0.3790806754221388 0.41150000000000003 0.04 0.07550833333333333
1 0.30160100062539086 0.42304166666666665 0.04273295809881176 0.07443333333333332
1 0.19634771732332706 0.5129083333333333 0.05481550969355848 0.10155