1 0.5388117573483426 0.46884166666666666 0.06171357098186367 0.113975
1 0.4060100062539087 0.48596666666666666 0.06377736085053158 0.11823333333333333
1 0.24805503439649781 0.5340166666666667 0.08056910569105692 0.12434166666666667
1 0.04040650406504065 0.5591999999999999 0.07553470919324579 0.1347
1 0.3643151969981238 0.3440333333333333 0.04042526579111945 0.06436666666666667
1 0.41928705440900566 0.27181666666666665 0.03278924327704816 0.05326666666666667
1 0.28120075046904314 0.3389416666666667 0.044302689180737966 0.06418333333333333
1 0.46953095684803 0.6985416666666666 0.09575984990619137 0.17005
1 0.8195684803001876 0.2844083333333334 0.03285178236397749 0.051783333333333334
1 0.8686303939962476 0.287 0.035916197623514695 0.056975000000000005
1 0.4821075672295184 0.27496666666666664 0.0383552220137586 0.052899999999999996
1 0.24888680425265794 0.25811666666666666 0.032201375859912444 0.052533333333333335
1 0.6636960600375235 0.6856749999999999 0.10885553470919325 0.180975
2 0.7311757348342715 0.9634249999999999 0.12623514696685428 0.07315
2 0.47682926829268296 0.9575916666666666 0.12786116322701688 0.08481666666666667
2 0.24965603502188868 0.707625 0.08627267041901188 0.06154166666666666
2 0.058549093183239524 0.7329 0.09930581613508442 0.06875833333333334
2 0.5552845528455285 0.6370750000000001 0.07214509068167604 0.060441666666666664
2 0.5353533458411507 0.35320833333333335 0.033896185115697315 0.04956666666666666
2 0.7256660412757974 0.31400833333333333 0.023908692933083175 0.045233333333333334
2 0.31690431519699813 0.3288 0.032695434646654156 0.030775
2 0.44106941838649155 0.3611583333333333 0.030125078173858663 0.05946666666666667
2 0.19403377110694184 0.44234166666666663 0.056047529706066294 0.040325