1 0.4248359375 0.5710208333333333 0.09678125 0.14166666666666666
1 0.287453125 0.5234791666666667 0.059 0.09171875
1 0.538125 0.4393854166666667 0.0368984375 0.062406249999999996
1 0.6386875 0.443625 0.0557265625 0.08478125
1 0.3733125 0.4828125 0.0366484375 0.0688125
1 0.3788046875 0.4297916666666667 0.0256640625 0.04334375
1 0.7899921875 0.4135520833333333 0.0326875 0.05629166666666666
1 0.8916718749999999 0.4273854166666667 0.04815625 0.07223958333333333
1 0.8190859375 0.4437083333333333 0.05021875 0.07996874999999999
1 0.5836953125 0.41380208333333335 0.026671875 0.047989583333333335
1 0.354359375 0.44318749999999996 0.031703125 0.046697916666666665
2 0.91625 0.48892708333333335 0.0577421875 0.04441666666666667
2 0.698046875 0.51696875 0.0345078125 0.028697916666666667