1 0.07166875 0.537925 0.054593749999999996 0.074675
1 0.273175 0.4950583333333334 0.03099375 0.05701666666666667
1 0.422775 0.5793916666666666 0.06418750000000001 0.09369999999999999
1 0.766575 0.4801666666666667 0.0645375 0.10285833333333334
1 0.5985499999999999 0.4764416666666667 0.053325 0.100775
1 0.93071875 0.39233333333333337 0.03578125 0.05425833333333333
1 0.67723125 0.40997500000000003 0.030818750000000002 0.055549999999999995
1 0.708425 0.4864833333333333 0.04890625 0.07791666666666666
1 0.43955625 0.445525 0.03064375 0.05325833333333333
1 0.39354374999999997 0.4379666666666666 0.032575 0.05246666666666667
1 0.29890625 0.46103333333333335 0.028531249999999998 0.04849166666666666
1 0.4843 0.4374333333333333 0.031075 0.052375
1 0.5304875 0.439325 0.0300875 0.05362499999999999
1 0.46753124999999995 0.413825 0.01640625 0.035333333333333335
1 0.48821875 0.49879166666666663 0.051643749999999995 0.08590833333333334
2 0.9120937499999999 0.60475 0.0824375 0.10899166666666665
2 0.5235562500000001 0.7464666666666666 0.07738125 0.06196666666666666
2 0.32927500000000004 0.58105 0.0388 0.027083333333333334
1 0.84325 0.38915 0.0318 0.046375