2 0.62790625 0.661875 0.07843750000000001 0.0803125
1 0.6616875 0.4982083333333333 0.06528125 0.1175625
1 0.791984375 0.43947916666666664 0.06284375 0.10079166666666667
1 0.3427265625 0.42915625 0.054953125000000005 0.09057291666666667
1 0.24455468749999998 0.45635416666666667 0.0591328125 0.09635416666666667
2 0.34685156250000004 0.5636979166666667 0.071015625 0.07145833333333333
2 0.57321875 0.5218958333333333 0.055867187500000005 0.03904166666666666
1 0.557203125 0.410125 0.043328125 0.08103125000000001
1 0.6385625 0.4049166666666667 0.045890625000000004 0.07247916666666666
1 0.420984375 0.37655208333333334 0.0341015625 0.06402083333333333
1 0.5150703125 0.36015625 0.032875 0.05721875
1 0.5770859374999999 0.35402083333333334 0.03575 0.057937499999999996
2 0.5966171874999999 0.42090625 0.037984375 0.04132291666666667
1 0.389546875 0.3240520833333333 0.0297109375 0.038864583333333334
1 0.39460937500000004 0.3634583333333333 0.030093750000000002 0.06072916666666666
1 0.3392890625 0.34040625 0.0225078125 0.05485416666666666