2 0.42639843749999995 0.5417500000000001 0.032484374999999996 0.042708333333333334
1 0.3026328125 0.5548541666666666 0.085734375 0.12186458333333333
2 0.7609140625 0.5197604166666667 0.03871875 0.038697916666666665
1 0.43713281249999997 0.4145625 0.0570078125 0.10440625
2 0.26751562500000003 0.4666666666666667 0.034398437500000004 0.05358333333333333
1 0.3757890625 0.38755208333333335 0.037234375 0.06089583333333334
1 0.3690703125 0.33301041666666664 0.0304765625 0.04825
1 0.43635156249999996 0.3318645833333333 0.026375 0.04291666666666667
1 0.498484375 0.35433333333333333 0.0313203125 0.05035416666666667
1 0.5280234375 0.3335520833333333 0.02484375 0.05072916666666667
1 0.5970859374999999 0.33399999999999996 0.0247890625 0.040177083333333335
1 0.722515625 0.35448958333333336 0.0326015625 0.05651041666666667
1 0.7854062500000001 0.3822604166666667 0.04296875 0.06853125
1 0.6894375 0.3886041666666667 0.038343749999999996 0.08011458333333334
1 0.20851562499999998 0.35990625 0.037875 0.06264583333333333