1 0.3711015625 0.6263541666666667 0.050859375 0.08990625000000001
1 0.46694531250000004 0.6369583333333334 0.060992187499999996 0.07640625
1 0.54234375 0.5411041666666667 0.0361796875 0.06592708333333333
1 0.445375 0.5352604166666667 0.0360078125 0.06389583333333333
1 0.3715859375 0.5469375 0.0363125 0.0631875
1 0.2673984375 0.5051458333333333 0.0268203125 0.0421875
1 0.22853906249999997 0.49787499999999996 0.0288359375 0.042604166666666665
1 0.17796875 0.4860625 0.024390625 0.03673958333333334
1 0.3244609375 0.5006770833333333 0.0251484375 0.03326041666666667
1 0.4133046875 0.4836770833333333 0.01784375 0.02821875
1 0.483328125 0.5011458333333334 0.01984375 0.032322916666666666
1 0.50128125 0.48489583333333336 0.01509375 0.027864583333333335
1 0.538296875 0.48713541666666665 0.01625 0.02671875
1 0.587203125 0.5177083333333333 0.024359375 0.044875
1 0.144796875 0.5092916666666667 0.035140624999999995 0.047677083333333335
1 0.11034375 0.5125416666666667 0.034898437500000004 0.0495
1 0.42201562499999995 0.5284166666666666 0.0233515625 0.047625
1 0.475296875 0.5366875 0.0270703125 0.04697916666666667
2 0.625578125 0.59653125 0.0434453125 0.03892708333333333
2 0.4452109375 0.6098854166666666 0.0210625 0.0255625