1 0.71186875 0.4321083333333333 0.053475 0.10514166666666667
1 0.8281375 0.43637499999999996 0.0764 0.10071666666666666
1 0.569225 0.5015083333333333 0.07774375 0.13659166666666667
1 0.4504875 0.39992500000000003 0.04433125 0.0815
1 0.55669375 0.39468333333333333 0.042962499999999994 0.08211666666666667
1 0.4884375 0.3577166666666667 0.03693125 0.06556666666666668
1 0.13535 0.24589166666666665 0.07204375 0.13991666666666666
2 0.5883875 0.692 0.08414375 0.05300833333333333
2 0.501275 0.41859999999999997 0.0387 0.03556666666666666
2 0.36993125 0.47211666666666663 0.05395 0.03298333333333333
1 0.0695875 0.24723333333333333 0.061900000000000004 0.09818333333333333