1 0.19246875000000002 0.37138541666666663 0.0487109375 0.08266666666666667
1 0.6589453125 0.48876041666666664 0.07540625 0.10560416666666667
1 0.7658671874999999 0.4702395833333333 0.0548828125 0.08245833333333333
1 0.176046875 0.6164479166666667 0.12785156250000002 0.13876041666666666
1 0.551078125 0.4808645833333333 0.040640625 0.07489583333333334
1 0.6138281250000001 0.4657291666666667 0.033710937499999996 0.06842708333333333
2 0.603625 0.4875416666666667 0.023640625000000002 0.053187500000000006
1 0.4360234375 0.46221875 0.029406250000000002 0.057645833333333334
1 0.400484375 0.46629166666666666 0.03534375 0.06954166666666667
1 0.0806875 0.5228854166666667 0.043859375 0.08379166666666667
1 0.015078125000000001 0.5949583333333333 0.030164062499999998 0.09936458333333334