2 0.3056875 0.7984375 0.0642109375 0.06178125
1 0.30696093750000003 0.69128125 0.076875 0.11692708333333333
1 0.376578125 0.5489791666666667 0.047531250000000004 0.07521874999999999
1 0.4612578125 0.5746354166666666 0.041078125 0.07285416666666666
1 0.5655390625 0.5588645833333333 0.0462734375 0.07804166666666666
1 0.6696328125 0.5549270833333334 0.0435 0.0811875
1 0.6521640625 0.49966666666666665 0.026726562500000002 0.05065625
1 0.585609375 0.491875 0.030328125 0.05011458333333333
1 0.4969140625 0.5058125 0.0301328125 0.04701041666666667
1 0.7791406249999999 0.4637395833333333 0.034335937500000004 0.04863541666666667
1 0.734578125 0.44534375 0.02553125 0.04047916666666666
1 0.6224375 0.4613333333333333 0.0209296875 0.03827083333333334