1 0.7832207629768605 0.5568916666666667 0.07774233896185116 0.14674166666666666
2 0.7991369606003752 0.7345666666666667 0.10706691682301438 0.07875833333333333
1 0.323733583489681 0.5450416666666666 0.06932457786116322 0.12304166666666667
1 0.2227579737335835 0.5260583333333333 0.07000625390869293 0.11508333333333333
1 0.1369355847404628 0.509675 0.06595997498436523 0.11230833333333334
1 0.7580675422138837 0.4273666666666667 0.0524390243902439 0.08139166666666667
1 0.6457661038148843 0.44014166666666665 0.04797373358348968 0.08990833333333334
1 0.515046904315197 0.44032499999999997 0.0492057535959975 0.08361666666666667
1 0.3996185115697311 0.4270833333333333 0.050994371482176365 0.08046666666666667
1 0.36584740462789245 0.4263416666666667 0.038480300187617264 0.07898333333333334
1 0.4780050031269544 0.39180833333333337 0.03766103814884303 0.06658333333333334
1 0.5336710444027517 0.38255 0.036422764227642276 0.0614
1 0.6032332707942465 0.3782 0.03295809881175735 0.06269999999999999
1 0.6730081300813009 0.38301666666666667 0.03241400875547217 0.05899166666666667
1 0.8069168230143839 0.34635 0.0325703564727955 0.05233333333333333
1 0.6567792370231395 0.359775 0.026272670419011882 0.04691666666666666
1 0.6385428392745466 0.3372666666666667 0.02233270794246404 0.03858333333333333
1 0.7162476547842401 0.328775 0.026747967479674797 0.04271666666666667
1 0.6048467792370231 0.33853333333333335 0.0233458411507192 0.03555833333333334
1 0.5887429643527204 0.33615833333333334 0.02033145716072545 0.040808333333333335
2 0.4429268292682927 0.7422833333333333 0.0701125703564728 0.06841666666666667
2 0.28946216385240775 0.662225 0.08208880550343964 0.08071666666666667
2 0.7228205128205129 0.5137583333333333 0.04040650406504065 0.050258333333333335
2 0.5935897435897436 0.4483583333333333 0.03159474671669794 0.03091666666666667
2 0.7190806754221388 0.43113333333333337 0.03161976235146967 0.038274999999999997