2 0.2818125 0.7676770833333334 0.05292187499999999 0.052333333333333336
1 0.2860625 0.6554583333333334 0.0793359375 0.10495833333333333
1 0.3558515625 0.5165520833333334 0.042984375000000005 0.06171875
1 0.44289843749999996 0.5418958333333334 0.039382812499999996 0.06314583333333333
1 0.5408906250000001 0.5196770833333333 0.0436015625 0.06796875
1 0.6491875 0.5181770833333333 0.0420546875 0.07201041666666666
2 0.615125 0.5123854166666667 0.031984374999999995 0.03461458333333333
2 0.9743671875000001 0.5463333333333333 0.0512578125 0.11892708333333334
1 0.75653125 0.42367708333333337 0.027187499999999996 0.052812500000000005
1 0.715828125 0.40589583333333334 0.02328125 0.037947916666666665
1 0.604765625 0.4231875 0.021718750000000002 0.04016666666666667
1 0.6342109375 0.4647395833333333 0.0314609375 0.05094791666666666
1 0.56603125 0.4559479166666666 0.027750000000000004 0.046677083333333334
1 0.47903906249999995 0.46847916666666667 0.027218750000000003 0.046989583333333335