0 0.180078125 0.19930555555555557 0.06171875 0.1125
0 0.362109375 0.22430555555555556 0.06328125 0.10694444444444444
0 0.5640625 0.23680555555555555 0.0609375 0.09861111111111111
0 0.8125 0.2465277777777778 0.0703125 0.09583333333333334
0 0.071484375 0.32013888888888886 0.06953125 0.12083333333333333
0 0.55078125 0.35208333333333336 0.0890625 0.11805555555555555
0 0.847265625 0.3611111111111111 0.07734375 0.14722222222222223
0 0.53671875 0.5173611111111112 0.09375 0.1597222222222222
0 0.897265625 0.5458333333333333 0.09609375 0.14444444444444443
0 0.22890625 0.5597222222222222 0.084375 0.1111111111111111
0 0.4828125 0.8465277777777778 0.1171875 0.16805555555555557