0 0.169140625 0.21319444444444444 0.06484375 0.08472222222222223
0 0.356640625 0.22916666666666666 0.06484375 0.1
0 0.5671875 0.23402777777777778 0.0578125 0.10416666666666667
0 0.8109375 0.24375 0.0734375 0.10138888888888889
0 0.06875 0.32013888888888886 0.0734375 0.12638888888888888
0 0.8515625 0.3506944444444444 0.0734375 0.1375
0 0.548828125 0.36180555555555555 0.08671875 0.12083333333333333
0 0.53359375 0.5402777777777777 0.09375 0.12777777777777777
0 0.898046875 0.5423611111111111 0.10703125 0.13194444444444445
0 0.232421875 0.5611111111111111 0.07578125 0.11388888888888889
0 0.483984375 0.8506944444444444 0.11015625 0.17083333333333334