0 0.170703125 0.21319444444444444 0.06171875 0.09027777777777778
0 0.570703125 0.21388888888888888 0.05546875 0.11944444444444445
0 0.360546875 0.22430555555555556 0.07265625 0.10694444444444444
0 0.80859375 0.2423611111111111 0.065625 0.10972222222222222
0 0.07421875 0.32916666666666666 0.0625 0.1111111111111111
0 0.84453125 0.35694444444444445 0.065625 0.13333333333333333
0 0.55078125 0.36041666666666666 0.084375 0.13472222222222222
0 0.5359375 0.5486111111111112 0.1015625 0.13333333333333333
0 0.892578125 0.5527777777777778 0.11171875 0.13055555555555556
0 0.232421875 0.5625 0.07890625 0.11666666666666667
0 0.4875 0.8513888888888889 0.1078125 0.16666666666666666