0 0.18203125 0.19722222222222222 0.053125 0.11944444444444445
0 0.811328125 0.2222222222222222 0.05546875 0.11388888888888889
0 0.56640625 0.23055555555555557 0.0625 0.09722222222222222
0 0.362109375 0.23333333333333334 0.06328125 0.09166666666666666
0 0.078125 0.30625 0.0640625 0.14305555555555555
0 0.55234375 0.3472222222222222 0.08125 0.13055555555555556
0 0.84375 0.41180555555555554 0.0703125 0.09305555555555556
0 0.2421875 0.48194444444444445 0.0828125 0.1638888888888889
0 0.903125 0.49722222222222223 0.0828125 0.19166666666666668
0 0.5390625 0.5388888888888889 0.0984375 0.1361111111111111
0 0.493359375 0.7868055555555555 0.12265625 0.2652777777777778