0 0.18359375 0.19305555555555556 0.05625 0.11666666666666667
0 0.80859375 0.21597222222222223 0.0625 0.12916666666666668
0 0.36015625 0.21944444444444444 0.053125 0.10833333333333334
0 0.565625 0.2361111111111111 0.0609375 0.09722222222222222
0 0.074609375 0.3284722222222222 0.06953125 0.10972222222222222
0 0.556640625 0.34097222222222223 0.08671875 0.1375
0 0.84609375 0.41180555555555554 0.071875 0.09305555555555556
0 0.239453125 0.48333333333333334 0.08046875 0.16944444444444445
0 0.893359375 0.51875 0.08828125 0.17916666666666667
0 0.534375 0.5430555555555555 0.1046875 0.11666666666666667
0 0.47890625 0.8409722222222222 0.121875 0.17916666666666667