0 0.022265625 0.20416666666666666 0.04453125 0.12777777777777777
0 0.8 0.21180555555555555 0.0578125 0.12638888888888888
0 0.16953125 0.21180555555555555 0.065625 0.09861111111111111
0 0.358984375 0.22777777777777777 0.05703125 0.09166666666666666
0 0.5703125 0.23680555555555555 0.0578125 0.09861111111111111
0 0.06640625 0.32708333333333334 0.084375 0.09583333333333334
0 0.55 0.35555555555555557 0.0765625 0.11388888888888889
0 0.8421875 0.3590277777777778 0.0734375 0.13194444444444445
0 0.9125 0.5111111111111111 0.0953125 0.175
0 0.53515625 0.54375 0.090625 0.12916666666666668
0 0.188671875 0.5486111111111112 0.10078125 0.08888888888888889
0 0.48515625 0.8416666666666667 0.115625 0.16944444444444445