0 0.170703125 0.21319444444444444 0.06171875 0.09027777777777778
0 0.366015625 0.22013888888888888 0.07109375 0.10972222222222222
0 0.56796875 0.24166666666666667 0.05625 0.10833333333333334
0 0.81171875 0.2548611111111111 0.06875 0.10138888888888889
0 0.073046875 0.30486111111111114 0.06640625 0.13472222222222222
0 0.84921875 0.3597222222222222 0.075 0.1388888888888889
0 0.55234375 0.36319444444444443 0.078125 0.1125
0 0.53828125 0.5333333333333333 0.09375 0.1361111111111111
0 0.894140625 0.5402777777777777 0.11171875 0.13333333333333333
0 0.235546875 0.5611111111111111 0.08203125 0.09722222222222222
0 0.4859375 0.85 0.1140625 0.18055555555555555