0 0.364453125 0.2076388888888889 0.05859375 0.12361111111111112
0 0.570703125 0.21597222222222223 0.05546875 0.12361111111111112
0 0.173828125 0.21666666666666667 0.05546875 0.08055555555555556
0 0.8046875 0.2423611111111111 0.0671875 0.10972222222222222
0 0.07421875 0.32916666666666666 0.06875 0.1111111111111111
0 0.553515625 0.3527777777777778 0.07109375 0.13055555555555556
0 0.84453125 0.3548611111111111 0.078125 0.14583333333333334
0 0.5359375 0.5472222222222223 0.0921875 0.1361111111111111
0 0.239453125 0.55 0.07421875 0.10833333333333334
0 0.891015625 0.5513888888888889 0.10546875 0.13333333333333333
0 0.49427343749999997 0.7675833333333333 0.1234375 0.28055555555555556