0 0.362109375 0.22013888888888888 0.06640625 0.10972222222222222
0 0.159765625 0.23125 0.08984375 0.07083333333333333
0 0.56484375 0.23958333333333334 0.0625 0.09861111111111111
0 0.80859375 0.24166666666666667 0.06875 0.10833333333333334
0 0.071875 0.3104166666666667 0.0765625 0.13472222222222222
0 0.85390625 0.3541666666666667 0.071875 0.1388888888888889
0 0.5515625 0.3645833333333333 0.0921875 0.10972222222222222
0 0.896484375 0.5361111111111111 0.10078125 0.13055555555555556
0 0.531640625 0.5423611111111111 0.10234375 0.13194444444444445
0 0.232421875 0.5611111111111111 0.08203125 0.11944444444444445
0 0.478125 0.8534722222222222 0.1234375 0.1763888888888889