0 0.168359375 0.21458333333333332 0.06328125 0.09305555555555556
0 0.569140625 0.23333333333333334 0.05859375 0.10277777777777777
0 0.805859375 0.24166666666666667 0.06640625 0.09722222222222222
0 0.36015625 0.24375 0.078125 0.07916666666666666
0 0.069140625 0.31875 0.07421875 0.1125
0 0.547265625 0.35347222222222224 0.07734375 0.10972222222222222
0 0.847265625 0.40625 0.07734375 0.08194444444444444
0 0.5359375 0.5125 0.0984375 0.17777777777777778
0 0.897265625 0.5166666666666667 0.08984375 0.1638888888888889
0 0.215234375 0.5284722222222222 0.10703125 0.10416666666666667
0 0.487890625 0.8395833333333333 0.12109375 0.18194444444444444