0 0.355859375 0.21875 0.05078125 0.11805555555555555
0 0.157421875 0.22152777777777777 0.06640625 0.06805555555555555
0 0.571875 0.23472222222222222 0.0515625 0.1
0 0.815625 0.2423611111111111 0.0765625 0.10972222222222222
0 0.090234375 0.3076388888888889 0.06953125 0.14583333333333334
0 0.546875 0.33125 0.0609375 0.15416666666666667
0 0.841796875 0.3527777777777778 0.06953125 0.13055555555555556
0 0.88984375 0.4875 0.084375 0.18333333333333332
0 0.212109375 0.5256944444444445 0.07265625 0.10972222222222222
0 0.5359375 0.5486111111111112 0.0859375 0.12777777777777777
0 0.4953125 0.7722222222222223 0.1171875 0.28055555555555556