0 0.5703125 0.20902777777777778 0.0546875 0.11527777777777778
0 0.16328125 0.21458333333333332 0.059375 0.09305555555555556
0 0.361328125 0.2326388888888889 0.06796875 0.08472222222222223
0 0.809765625 0.23819444444444443 0.05859375 0.10694444444444444
0 0.06953125 0.31319444444444444 0.071875 0.14027777777777778
0 0.839453125 0.3298611111111111 0.06796875 0.15694444444444444
0 0.512109375 0.3541666666666667 0.11640625 0.10555555555555556
0 0.2390625 0.4826388888888889 0.0828125 0.1625
0 0.895703125 0.4930555555555556 0.09921875 0.21666666666666667
0 0.53671875 0.5486111111111112 0.103125 0.13333333333333333
0 0.48515625 0.8361111111111111 0.115625 0.20277777777777778