0 0.184765625 0.1909722222222222 0.06484375 0.14027777777777778
0 0.35859375 0.22013888888888888 0.05625 0.10972222222222222
0 0.8046875 0.22708333333333333 0.0546875 0.12361111111111112
0 0.56953125 0.23055555555555557 0.053125 0.10833333333333334
0 0.071875 0.33055555555555555 0.0765625 0.10833333333333334
0 0.54921875 0.35138888888888886 0.075 0.12222222222222222
0 0.8421875 0.4076388888888889 0.0765625 0.10694444444444444
0 0.237109375 0.47847222222222224 0.07578125 0.1597222222222222
0 0.893359375 0.5104166666666666 0.08515625 0.18472222222222223
0 0.540625 0.5381944444444444 0.0890625 0.12916666666666668
0 0.4828125 0.8444444444444444 0.1140625 0.18611111111111112