0 0.164453125 0.21388888888888888 0.07109375 0.09722222222222222
0 0.365234375 0.23402777777777778 0.06640625 0.09305555555555556
0 0.570703125 0.23402777777777778 0.06171875 0.10416666666666667
0 0.811328125 0.24583333333333332 0.06171875 0.1
0 0.0734375 0.3277777777777778 0.0734375 0.11388888888888889
0 0.84453125 0.34791666666666665 0.08125 0.1486111111111111
0 0.554296875 0.3576388888888889 0.08203125 0.12361111111111112
0 0.241015625 0.48055555555555557 0.08359375 0.1638888888888889
0 0.8921875 0.5180555555555556 0.0984375 0.18333333333333332
0 0.537890625 0.5270833333333333 0.10234375 0.1625
0 0.48359375 0.8354166666666667 0.121875 0.2013888888888889