0 0.16640625 0.21736111111111112 0.071875 0.09305555555555556
0 0.56796875 0.21875 0.05625 0.12361111111111112
0 0.362109375 0.22291666666666668 0.06640625 0.10416666666666667
0 0.80859375 0.24166666666666667 0.071875 0.10833333333333334
0 0.0703125 0.33055555555555555 0.0734375 0.10833333333333334
0 0.84609375 0.35625 0.075 0.13194444444444445
0 0.54921875 0.3590277777777778 0.078125 0.10972222222222222
0 0.889453125 0.5479166666666667 0.11796875 0.14305555555555555
0 0.530078125 0.5479166666666667 0.10703125 0.14305555555555555
0 0.233203125 0.5583333333333333 0.08046875 0.11388888888888889
0 0.4890625 0.7666666666666667 0.1171875 0.30277777777777776