0 0.80703125 0.2076388888888889 0.0625 0.12916666666666668
0 0.361328125 0.2111111111111111 0.05546875 0.11388888888888889
0 0.16484375 0.21875 0.06875 0.08472222222222223
0 0.571875 0.22569444444444445 0.0515625 0.09861111111111111
0 0.07890625 0.33055555555555555 0.071875 0.11944444444444445
0 0.551953125 0.33541666666666664 0.07421875 0.15138888888888888
0 0.840625 0.3423611111111111 0.0703125 0.1763888888888889
0 0.905859375 0.4888888888888889 0.08828125 0.20277777777777778
0 0.209375 0.5194444444444445 0.0921875 0.10277777777777777
0 0.53671875 0.5416666666666666 0.09375 0.13055555555555556
0 0.484375 0.8277777777777777 0.1140625 0.20833333333333334