0 0.166015625 0.20625 0.06171875 0.10416666666666667
0 0.36484375 0.21458333333333332 0.0625 0.10972222222222222
0 0.80234375 0.21736111111111112 0.0625 0.12083333333333333
0 0.566015625 0.23819444444444443 0.06484375 0.10694444444444444
0 0.55546875 0.3125 0.075 0.17222222222222222
0 0.07421875 0.3173611111111111 0.071875 0.12083333333333333
0 0.8421875 0.3486111111111111 0.0734375 0.16111111111111112
0 0.905859375 0.4888888888888889 0.09765625 0.21388888888888888
0 0.211328125 0.5291666666666667 0.09921875 0.1
0 0.534375 0.5444444444444444 0.0984375 0.1361111111111111
0 0.489453125 0.8347222222222223 0.11171875 0.18888888888888888