0 0.16640625 0.20833333333333334 0.071875 0.09722222222222222
0 0.360546875 0.21736111111111112 0.06328125 0.11527777777777778
0 0.5703125 0.23333333333333334 0.0546875 0.09166666666666666
0 0.8109375 0.24305555555555555 0.0671875 0.11666666666666667
0 0.078125 0.3284722222222222 0.0734375 0.12638888888888888
0 0.55078125 0.3284722222222222 0.071875 0.1597222222222222
0 0.842578125 0.33611111111111114 0.07421875 0.1638888888888889
0 0.5296875 0.49236111111111114 0.0984375 0.1986111111111111
0 0.8921875 0.5222222222222223 0.1046875 0.1527777777777778
0 0.208984375 0.5277777777777778 0.09765625 0.10277777777777777
0 0.483203125 0.8319444444444445 0.11796875 0.20555555555555555