0 0.166015625 0.2 0.06484375 0.11388888888888889
0 0.361328125 0.21666666666666667 0.06796875 0.11388888888888889
0 0.565625 0.23402777777777778 0.0640625 0.10416666666666667
0 0.81171875 0.24375 0.059375 0.10138888888888889
0 0.07421875 0.3229166666666667 0.075 0.13194444444444445
0 0.55 0.35347222222222224 0.0796875 0.11527777777777778
0 0.847265625 0.35555555555555557 0.08359375 0.15833333333333333
0 0.211328125 0.5256944444444445 0.08671875 0.09861111111111111
0 0.900390625 0.5319444444444444 0.08984375 0.13333333333333333
0 0.5328125 0.5472222222222223 0.0984375 0.13055555555555556
0 0.486453125 0.8469861111111112 0.1203125 0.18194444444444444