0 0.173046875 0.2048611111111111 0.06015625 0.10138888888888889
0 0.357421875 0.21944444444444444 0.05390625 0.11944444444444445
0 0.56953125 0.2298611111111111 0.0625 0.10416666666666667
0 0.819140625 0.2388888888888889 0.06484375 0.11388888888888889
0 0.089453125 0.3020833333333333 0.07109375 0.14027777777777778
0 0.55546875 0.33402777777777776 0.078125 0.15416666666666667
0 0.84921875 0.34444444444444444 0.06875 0.15833333333333333
0 0.5375 0.5263888888888889 0.1015625 0.1388888888888889
0 0.21015625 0.5277777777777778 0.078125 0.10277777777777777
0 0.891796875 0.5402777777777777 0.10078125 0.12777777777777777
0 0.4890625 0.7763888888888889 0.1109375 0.3111111111111111