0 0.162109375 0.2125 0.06328125 0.09722222222222222
0 0.36015625 0.22708333333333333 0.065625 0.10138888888888889
0 0.57109375 0.23055555555555557 0.0625 0.09722222222222222
0 0.8125 0.24791666666666667 0.0703125 0.09583333333333334
0 0.07578125 0.3034722222222222 0.0828125 0.1486111111111111
0 0.54921875 0.3375 0.075 0.1527777777777778
0 0.850390625 0.3472222222222222 0.07734375 0.14166666666666666
0 0.23762500000000003 0.4708333333333333 0.07265625 0.17222222222222222
0 0.897265625 0.53125 0.11015625 0.15416666666666667
0 0.5375 0.5423611111111111 0.103125 0.1486111111111111
0 0.486328125 0.8194444444444444 0.11171875 0.24166666666666667