0 0.167578125 0.20625 0.06796875 0.10416666666666667
0 0.364453125 0.2152777777777778 0.04921875 0.11666666666666667
0 0.561328125 0.23680555555555555 0.06171875 0.09861111111111111
0 0.814453125 0.23958333333333334 0.08046875 0.12083333333333333
0 0.09140625 0.3055555555555556 0.059375 0.1361111111111111
0 0.55390625 0.34097222222222223 0.075 0.12361111111111112
0 0.846875 0.3645833333333333 0.0765625 0.1486111111111111
0 0.530078125 0.4861111111111111 0.08671875 0.19722222222222222
0 0.208203125 0.51875 0.08046875 0.10138888888888889
0 0.910546875 0.5305555555555556 0.09453125 0.175
0 0.49296875 0.7944444444444444 0.125 0.2916666666666667