0 0.36484375 0.20625 0.05 0.10972222222222222
0 0.166796875 0.21458333333333332 0.06640625 0.0875
0 0.573828125 0.22847222222222222 0.05546875 0.10416666666666667
0 0.818359375 0.2465277777777778 0.07265625 0.1125
0 0.063671875 0.33541666666666664 0.07890625 0.10694444444444444
0 0.556640625 0.36180555555555555 0.07734375 0.09861111111111111
0 0.8421875 0.36944444444444446 0.0796875 0.13055555555555556
0 0.2046875 0.4861111111111111 0.0953125 0.1638888888888889
0 0.896484375 0.5125 0.07578125 0.16111111111111112
0 0.530078125 0.5506944444444445 0.09921875 0.11527777777777778
0 0.4859375 0.84375 0.1265625 0.19583333333333333