0 0.0234375 0.19027777777777777 0.046875 0.12222222222222222
0 0.172265625 0.20555555555555555 0.05859375 0.11388888888888889
0 0.358203125 0.21041666666666667 0.05234375 0.12361111111111112
0 0.567578125 0.23333333333333334 0.06171875 0.10277777777777777
0 0.809375 0.2520833333333333 0.0578125 0.09027777777777778
0 0.073046875 0.3159722222222222 0.07265625 0.13472222222222222
0 0.550390625 0.3326388888888889 0.07734375 0.14583333333333334
0 0.850390625 0.3548611111111111 0.06484375 0.12916666666666668
0 0.890234375 0.49722222222222223 0.08515625 0.20833333333333334
0 0.20625 0.5222222222222223 0.0984375 0.11388888888888889
0 0.784765625 0.5263888888888889 0.08359375 0.3
0 0.5328125 0.5354166666666667 0.0921875 0.14583333333333334
0 0.48359375 0.8305555555555556 0.11875 0.20833333333333334