0 0.16484375 0.21319444444444444 0.0625 0.08472222222222223
0 0.36015625 0.22708333333333333 0.065625 0.10138888888888889
0 0.57109375 0.23055555555555557 0.0625 0.09722222222222222
0 0.8125 0.24305555555555555 0.0703125 0.12777777777777777
0 0.07265625 0.3215277777777778 0.06875 0.11805555555555555
0 0.54921875 0.3326388888888889 0.075 0.1625
0 0.846875 0.3527777777777778 0.0765625 0.14166666666666666
0 0.241796875 0.4708333333333333 0.07265625 0.17222222222222222
0 0.891796875 0.49444444444444446 0.10390625 0.20833333333333334
0 0.534765625 0.55 0.08984375 0.13055555555555556
0 0.486328125 0.8194444444444444 0.11171875 0.24166666666666667