0 0.0265625 0.19166666666666668 0.053125 0.13055555555555556
0 0.171875 0.2076388888888889 0.0609375 0.10694444444444444
0 0.355078125 0.21458333333333332 0.06171875 0.10416666666666667
0 0.56328125 0.23194444444444445 0.0625 0.10555555555555556
0 0.817578125 0.23680555555555555 0.06171875 0.10972222222222222
0 0.09453125 0.3145833333333333 0.065625 0.14305555555555555
0 0.54453125 0.33541666666666664 0.078125 0.14027777777777778
0 0.84453125 0.34930555555555554 0.071875 0.15138888888888888
0 0.89609375 0.5048611111111111 0.090625 0.1625
0 0.212109375 0.5229166666666667 0.08203125 0.11527777777777778
0 0.53515625 0.5340277777777778 0.084375 0.1375
0 0.0890625 0.6527777777777778 0.1234375 0.30833333333333335
0 0.4921875 0.8430555555555556 0.1078125 0.18333333333333332