0 0.575390625 0.20694444444444443 0.05859375 0.1388888888888889
0 0.3609375 0.21736111111111112 0.0515625 0.10416666666666667
0 0.8125 0.22569444444444445 0.0609375 0.13194444444444445
0 0.155078125 0.2326388888888889 0.07734375 0.07361111111111111
0 0.0640625 0.31875 0.0703125 0.12361111111111112
0 0.551953125 0.35208333333333336 0.08046875 0.10694444444444444
0 0.85 0.37222222222222223 0.0671875 0.11388888888888889
0 0.530078125 0.48819444444444443 0.08671875 0.18472222222222223
0 0.204296875 0.4986111111111111 0.07578125 0.1388888888888889
0 0.896484375 0.5236111111111111 0.09140625 0.16111111111111112
0 0.4890625 0.8319444444444445 0.1171875 0.19444444444444445