0 0.364453125 0.21458333333333332 0.05859375 0.12083333333333333
0 0.159765625 0.2298611111111111 0.07734375 0.07361111111111111
0 0.56640625 0.2361111111111111 0.065625 0.10833333333333334
0 0.804296875 0.24375 0.07578125 0.10138888888888889
0 0.078515625 0.3194444444444444 0.05546875 0.13055555555555556
0 0.551953125 0.3458333333333333 0.08515625 0.14722222222222223
0 0.8375 0.3597222222222222 0.0765625 0.14444444444444443
0 0.231640625 0.4736111111111111 0.09609375 0.19444444444444445
0 0.915234375 0.5041666666666667 0.10078125 0.18888888888888888
0 0.513671875 0.5111111111111111 0.09453125 0.18611111111111112
0 0.491015625 0.8506944444444444 0.11484375 0.17083333333333334