0 0.16484375 0.2222222222222222 0.06875 0.08055555555555556
0 0.3625234375 0.23243055555555556 0.071875 0.09027777777777778
0 0.56953125 0.23541666666666666 0.05625 0.09583333333333334
0 0.80703125 0.24513888888888888 0.06875 0.08194444444444444
0 0.075 0.33055555555555555 0.0703125 0.09722222222222222
0 0.55234375 0.3527777777777778 0.078125 0.11666666666666667
0 0.84765625 0.4041666666666667 0.08125 0.07777777777777778
0 0.216796875 0.5277777777777778 0.10703125 0.09166666666666666
0 0.53046875 0.5430555555555555 0.1 0.13055555555555556
0 0.89765625 0.55 0.1078125 0.12222222222222222
0 0.487890625 0.8277777777777777 0.11640625 0.20277777777777778