0 0.16875 0.19791666666666666 0.0609375 0.11527777777777778
0 0.358984375 0.23125 0.06953125 0.09305555555555556
0 0.566796875 0.23819444444444443 0.05703125 0.10694444444444444
0 0.811328125 0.2423611111111111 0.06171875 0.10972222222222222
0 0.0734375 0.33541666666666664 0.0640625 0.09583333333333334
0 0.555078125 0.3548611111111111 0.08046875 0.12361111111111112
0 0.844140625 0.4111111111111111 0.07734375 0.09166666666666666
0 0.237109375 0.4791666666666667 0.07578125 0.15555555555555556
0 0.90078125 0.5201388888888889 0.096875 0.1625
0 0.53828125 0.5472222222222223 0.084375 0.13055555555555556
0 0.4890625 0.8375 0.1171875 0.2