0 0.575 0.20833333333333334 0.0515625 0.11944444444444445
0 0.16171875 0.21180555555555555 0.06875 0.09305555555555556
0 0.355859375 0.23541666666666666 0.07265625 0.08472222222222223
0 0.808984375 0.23819444444444443 0.07265625 0.12361111111111112
0 0.5453125 0.3194444444444444 0.0796875 0.1638888888888889
0 0.06796875 0.32569444444444445 0.078125 0.11527777777777778
0 0.85078125 0.36041666666666666 0.059375 0.13472222222222222
0 0.239453125 0.48333333333333334 0.07421875 0.14722222222222223
0 0.897265625 0.48819444444444443 0.08984375 0.19583333333333333
0 0.5390625 0.5472222222222223 0.0796875 0.11388888888888889
0 0.491015625 0.8388888888888889 0.10234375 0.19166666666666668