0 0.366015625 0.20416666666666666 0.05546875 0.11666666666666667
0 0.166015625 0.22013888888888888 0.06484375 0.08194444444444444
0 0.57109375 0.2326388888888889 0.046875 0.09027777777777778
0 0.81171875 0.25833333333333336 0.06875 0.08611111111111111
0 0.087109375 0.30416666666666664 0.06328125 0.1388888888888889
0 0.56328125 0.32569444444444445 0.071875 0.17083333333333334
0 0.8453125 0.34930555555555554 0.0734375 0.14027777777777778
0 0.23828125 0.4791666666666667 0.078125 0.16666666666666666
0 0.891796875 0.5152777777777777 0.09140625 0.18333333333333332
0 0.537109375 0.5375 0.08828125 0.1388888888888889
0 0.4859375 0.8375 0.1046875 0.17222222222222222