0 0.36171875 0.21319444444444444 0.0625 0.11805555555555555
0 0.80703125 0.22013888888888888 0.053125 0.12083333333333333
0 0.56875 0.2263888888888889 0.0578125 0.11666666666666667
0 0.16171875 0.23055555555555557 0.08125 0.075
0 0.079296875 0.3229166666666667 0.06640625 0.11527777777777778
0 0.85 0.3506944444444444 0.0734375 0.1375
0 0.552734375 0.3611111111111111 0.08515625 0.11388888888888889
0 0.8921875 0.5236111111111111 0.1046875 0.16666666666666666
0 0.5390625 0.5361111111111111 0.0984375 0.14166666666666666
0 0.234765625 0.5569444444444445 0.08046875 0.11666666666666667
0 0.48359375 0.8541666666666666 0.1125 0.16111111111111112