0 0.169921875 0.2 0.05703125 0.11388888888888889
0 0.3625 0.20902777777777778 0.0546875 0.12083333333333333
0 0.81171875 0.22013888888888888 0.05625 0.12638888888888888
0 0.56953125 0.22847222222222222 0.0625 0.11527777777777778
0 0.066796875 0.3138888888888889 0.07265625 0.13055555555555556
0 0.8453125 0.34652777777777777 0.0859375 0.1625
0 0.550390625 0.3638888888888889 0.07734375 0.10833333333333334
0 0.887890625 0.5076388888888889 0.08671875 0.15694444444444444
0 0.21328125 0.5083333333333333 0.090625 0.125
0 0.533203125 0.5340277777777778 0.09921875 0.1486111111111111
0 0.5 0.7541666666666667 0.0046875 0.011111111111111112
0 0.484375 0.8423611111111111 0.1109375 0.16527777777777777