0 0.025 0.19375 0.05 0.12916666666666668
0 0.166796875 0.2048611111111111 0.06328125 0.12361111111111112
0 0.569140625 0.21875 0.05859375 0.11805555555555555
0 0.360546875 0.22013888888888888 0.06640625 0.11527777777777778
0 0.80703125 0.24791666666666667 0.0625 0.10972222222222222
0 0.08828125 0.30625 0.06875 0.1375
0 0.55625 0.33541666666666664 0.0765625 0.1625
0 0.84453125 0.3541666666666667 0.071875 0.16111111111111112
0 0.88828125 0.5069444444444444 0.09375 0.19444444444444445
0 0.53203125 0.5395833333333333 0.103125 0.1486111111111111
0 0.184765625 0.5513888888888889 0.11171875 0.10555555555555556
0 0.4921875 0.7763888888888889 0.1140625 0.2777777777777778