0 0.0265625 0.19930555555555557 0.053125 0.13472222222222222
0 0.166015625 0.20555555555555555 0.06171875 0.11388888888888889
0 0.80390625 0.2076388888888889 0.065625 0.14027777777777778
0 0.571875 0.24097222222222223 0.0640625 0.11805555555555555
0 0.356640625 0.24791666666666667 0.06484375 0.06527777777777778
0 0.090625 0.30625 0.0640625 0.1375
0 0.841015625 0.35208333333333336 0.07109375 0.15138888888888888
0 0.550390625 0.35833333333333334 0.07734375 0.11944444444444445
0 0.5234375 0.525 0.0953125 0.15833333333333333
0 0.894921875 0.5430555555555555 0.09765625 0.14444444444444443
0 0.1921875 0.5451388888888888 0.1203125 0.10416666666666667
0 0.493359375 0.8291666666666667 0.12265625 0.19444444444444445