0 0.0234375 0.20208333333333334 0.046875 0.10694444444444444
0 0.169140625 0.20277777777777778 0.06171875 0.10833333333333334
0 0.362109375 0.22152777777777777 0.06015625 0.10694444444444444
0 0.56796875 0.2361111111111111 0.053125 0.09722222222222222
0 0.81015625 0.24305555555555555 0.059375 0.09444444444444444
0 0.84140625 0.35138888888888886 0.075 0.14444444444444443
0 0.0734375 0.35555555555555557 0.0671875 0.09166666666666666
0 0.5546875 0.3638888888888889 0.0796875 0.10833333333333334
0 0.5359375 0.5368055555555555 0.0953125 0.13194444444444445
0 0.185546875 0.5513888888888889 0.10390625 0.08333333333333333
0 0.880078125 0.56875 0.09296875 0.13472222222222222
0 0.489453125 0.7861111111111111 0.11796875 0.2638888888888889