0 0.17890625 0.1951388888888889 0.059375 0.11527777777777778
0 0.569921875 0.22708333333333333 0.05703125 0.10138888888888889
0 0.807421875 0.22777777777777777 0.06328125 0.11388888888888889
0 0.364453125 0.2326388888888889 0.07109375 0.08472222222222223
0 0.071875 0.3215277777777778 0.0734375 0.1125
0 0.55 0.34444444444444444 0.0765625 0.1361111111111111
0 0.844140625 0.41041666666666665 0.07734375 0.10138888888888889
0 0.235546875 0.4875 0.07890625 0.14444444444444443
0 0.53828125 0.5423611111111111 0.096875 0.13194444444444445
0 0.894921875 0.5513888888888889 0.11015625 0.13333333333333333
0 0.49140625 0.7875 0.121875 0.2777777777777778