0 0.026953125 0.19444444444444445 0.05390625 0.1361111111111111
0 0.1703125 0.2076388888888889 0.0578125 0.11805555555555555
0 0.361328125 0.21736111111111112 0.06484375 0.11527777777777778
0 0.56796875 0.2423611111111111 0.0625 0.10416666666666667
0 0.8078125 0.2513888888888889 0.0640625 0.1111111111111111
0 0.0671875 0.3486111111111111 0.078125 0.09166666666666666
0 0.84453125 0.35625 0.071875 0.14583333333333334
0 0.551953125 0.3645833333333333 0.08046875 0.10972222222222222
0 0.896875 0.5236111111111111 0.0953125 0.16111111111111112
0 0.53203125 0.5458333333333333 0.096875 0.1388888888888889
0 0.187109375 0.5506944444444445 0.11953125 0.10416666666666667
0 0.4921875 0.7895833333333333 0.1234375 0.28194444444444444