0 0.180078125 0.19444444444444445 0.05546875 0.11388888888888889
0 0.80546875 0.21875 0.071875 0.12916666666666668
0 0.358984375 0.23125 0.06328125 0.09861111111111111
0 0.567578125 0.23194444444444445 0.06171875 0.10555555555555556
0 0.075 0.3326388888888889 0.0734375 0.1125
0 0.54453125 0.3368055555555556 0.078125 0.12638888888888888
0 0.840625 0.4097222222222222 0.0640625 0.10555555555555556
0 0.895703125 0.4756944444444444 0.08359375 0.20972222222222223
0 0.237890625 0.4777777777777778 0.08046875 0.15833333333333333
0 0.537890625 0.53125 0.09609375 0.15416666666666667
0 0.487109375 0.8430555555555556 0.12265625 0.18333333333333332