0 0.365234375 0.20555555555555555 0.05703125 0.125
0 0.166015625 0.21180555555555555 0.06171875 0.09305555555555556
0 0.574609375 0.2361111111111111 0.06640625 0.10833333333333334
0 0.818359375 0.24583333333333332 0.07890625 0.1111111111111111
0 0.06796875 0.33125 0.075 0.10972222222222222
0 0.547265625 0.35138888888888886 0.08359375 0.12222222222222222
0 0.83203125 0.39375 0.08125 0.09027777777777778
0 0.208203125 0.49583333333333335 0.08671875 0.1388888888888889
0 0.893359375 0.5083333333333333 0.10078125 0.1638888888888889
0 0.52890625 0.5625 0.096875 0.11666666666666667
0 0.489453125 0.8611111111111112 0.13671875 0.1527777777777778