0 0.169921875 0.20208333333333334 0.06328125 0.11805555555555555
0 0.366015625 0.21736111111111112 0.06171875 0.12638888888888888
0 0.5671875 0.23333333333333334 0.0640625 0.11388888888888889
0 0.8125 0.24444444444444444 0.0703125 0.10277777777777777
0 0.0703125 0.3138888888888889 0.0734375 0.11944444444444445
0 0.844921875 0.35833333333333334 0.07578125 0.14166666666666666
0 0.54375 0.36319444444444443 0.0765625 0.10694444444444444
0 0.904296875 0.4888888888888889 0.10390625 0.21388888888888888
0 0.209375 0.5236111111111111 0.0859375 0.1
0 0.5359375 0.5541666666666667 0.0953125 0.1388888888888889
0 0.4953125 0.8486111111111111 0.1078125 0.2