0 0.36640625 0.21180555555555555 0.059375 0.11527777777777778
0 0.171484375 0.21736111111111112 0.06328125 0.09305555555555556
0 0.812890625 0.2222222222222222 0.06484375 0.125
0 0.57265625 0.23055555555555557 0.065625 0.09722222222222222
0 0.065234375 0.33958333333333335 0.07578125 0.09305555555555556
0 0.855859375 0.36180555555555555 0.06640625 0.15416666666666667
0 0.554296875 0.36527777777777776 0.07578125 0.12777777777777777
0 0.207421875 0.5215277777777778 0.08515625 0.11805555555555555
0 0.90234375 0.5291666666666667 0.109375 0.17222222222222222
0 0.529296875 0.5458333333333333 0.09453125 0.1111111111111111
0 0.48671875 0.8430555555555556 0.109375 0.17222222222222222