0 0.18671875 0.18958333333333333 0.0625 0.12638888888888888
0 0.0234375 0.20625 0.046875 0.12638888888888888
0 0.367578125 0.2111111111111111 0.05859375 0.125
0 0.57109375 0.23819444444444443 0.065625 0.10138888888888889
0 0.81953125 0.2465277777777778 0.071875 0.09583333333333334
0 0.06953125 0.32569444444444445 0.078125 0.12083333333333333
0 0.5515625 0.36041666666666666 0.0703125 0.12361111111111112
0 0.83046875 0.3972222222222222 0.084375 0.08611111111111111
0 0.21484375 0.5041666666666667 0.09375 0.15
0 0.898828125 0.5145833333333333 0.09921875 0.1763888888888889
0 0.534765625 0.54375 0.08984375 0.12916666666666668
0 0.4875 0.8458333333333333 0.1078125 0.18333333333333332