0 0.173828125 0.21180555555555555 0.06171875 0.10972222222222222
0 0.362890625 0.22013888888888888 0.06484375 0.12083333333333333
0 0.569921875 0.23958333333333334 0.05703125 0.10416666666666667
0 0.799609375 0.25 0.05390625 0.09166666666666666
0 0.07421875 0.3236111111111111 0.06875 0.13333333333333333
0 0.842578125 0.33958333333333335 0.06953125 0.17916666666666667
0 0.554296875 0.3541666666666667 0.07578125 0.11666666666666667
0 0.53359375 0.5361111111111111 0.0875 0.13055555555555556
0 0.896484375 0.5423611111111111 0.10390625 0.14305555555555555
0 0.233203125 0.5604166666666667 0.08671875 0.10694444444444444
0 0.47578125 0.8611111111111112 0.128125 0.15833333333333333