0 0.35390625 0.21944444444444444 0.065625 0.10833333333333334
0 0.175390625 0.22569444444444445 0.06484375 0.0763888888888889
0 0.56796875 0.23333333333333334 0.059375 0.11388888888888889
0 0.808984375 0.24305555555555555 0.06640625 0.09444444444444444
0 0.071875 0.32430555555555557 0.0640625 0.11805555555555555
0 0.844140625 0.3548611111111111 0.07734375 0.13472222222222222
0 0.55078125 0.3645833333333333 0.084375 0.12083333333333333
0 0.8953125 0.5041666666666667 0.0984375 0.17777777777777778
0 0.53125 0.5486111111111112 0.0953125 0.12222222222222222
0 0.233984375 0.5569444444444445 0.08203125 0.1111111111111111
0 0.48515625 0.8527777777777777 0.109375 0.18611111111111112