0 0.021875 0.19791666666666666 0.04375 0.13194444444444445
0 0.168359375 0.20208333333333334 0.05703125 0.09583333333333334
0 0.35078125 0.21388888888888888 0.065625 0.10833333333333334
0 0.810546875 0.22569444444444445 0.06328125 0.11527777777777778
0 0.56328125 0.23819444444444443 0.065625 0.10138888888888889
0 0.08828125 0.3104166666666667 0.06875 0.13472222222222222
0 0.843359375 0.3368055555555556 0.06640625 0.15416666666666667
0 0.461328125 0.34444444444444444 0.06796875 0.225
0 0.545703125 0.35138888888888886 0.08046875 0.13333333333333333
0 0.201171875 0.5173611111111112 0.08515625 0.11527777777777778
0 0.902734375 0.5208333333333334 0.08828125 0.16666666666666666
0 0.533984375 0.5388888888888889 0.09140625 0.1361111111111111
0 0.49140625 0.85 0.109375 0.18055555555555555