0 0.167578125 0.20347222222222222 0.06171875 0.10416666666666667
0 0.358203125 0.21597222222222223 0.05859375 0.1125
0 0.5671875 0.2375 0.0609375 0.10555555555555556
0 0.81015625 0.24513888888888888 0.065625 0.10416666666666667
0 0.071484375 0.3159722222222222 0.07578125 0.12916666666666668
0 0.846875 0.3472222222222222 0.0734375 0.1527777777777778
0 0.547265625 0.35694444444444445 0.07734375 0.1
0 0.206640625 0.5180555555555556 0.08984375 0.08333333333333333
0 0.9046875 0.5388888888888889 0.0984375 0.1527777777777778
0 0.533203125 0.5458333333333333 0.09296875 0.16111111111111112
0 0.4890625 0.8430555555555556 0.1109375 0.16666666666666666