0 0.178515625 0.19375 0.06171875 0.12361111111111112
0 0.80703125 0.2152777777777778 0.06875 0.12777777777777777
0 0.36015625 0.22152777777777777 0.059375 0.11805555555555555
0 0.56953125 0.23541666666666666 0.059375 0.10694444444444444
0 0.073046875 0.32708333333333334 0.07265625 0.10138888888888889
0 0.5515546875 0.33819444444444446 0.0796875 0.14583333333333334
0 0.842578125 0.4083333333333333 0.06796875 0.10833333333333334
0 0.23671875 0.4791666666666667 0.08125 0.15555555555555556
0 0.88828125 0.5159722222222223 0.09375 0.19583333333333333
0 0.532421875 0.5284722222222222 0.09453125 0.1597222222222222
0 0.478515625 0.8479166666666667 0.12734375 0.1763888888888889