0 0.165625 0.21319444444444444 0.0671875 0.09583333333333334
0 0.568359375 0.23472222222222222 0.05390625 0.1
0 0.35859375 0.23680555555555555 0.0625 0.0875
0 0.809375 0.2520833333333333 0.0703125 0.08472222222222223
0 0.082421875 0.3173611111111111 0.06640625 0.12638888888888888
0 0.5484375 0.35625 0.0921875 0.1375
0 0.84453125 0.3597222222222222 0.084375 0.1388888888888889
0 0.24140625 0.48055555555555557 0.078125 0.1638888888888889
0 0.887890625 0.5208333333333334 0.10546875 0.18333333333333332
0 0.53203125 0.525 0.103125 0.175
0 0.4828125 0.8375 0.1234375 0.2