0 0.17734375 0.20069444444444445 0.0625 0.10416666666666667
0 0.36171875 0.21944444444444444 0.0625 0.11944444444444445
0 0.80625 0.24166666666666667 0.0546875 0.09722222222222222
0 0.56953125 0.2423611111111111 0.05625 0.09861111111111111
0 0.07265625 0.3215277777777778 0.071875 0.11805555555555555
0 0.84375 0.3326388888888889 0.0671875 0.16805555555555557
0 0.55546875 0.3451388888888889 0.08125 0.1375
0 0.891796875 0.46944444444444444 0.08828125 0.21388888888888888
0 0.53203125 0.5423611111111111 0.090625 0.13194444444444445
0 0.2296875 0.5583333333333333 0.0828125 0.11944444444444445
0 0.49296875 0.8361111111111111 0.1125 0.19166666666666668