0 0.16875 0.21041666666666667 0.0671875 0.09583333333333334
0 0.36171875 0.23055555555555557 0.06875 0.09722222222222222
0 0.56484375 0.23333333333333334 0.065625 0.10277777777777777
0 0.809375 0.23680555555555555 0.0703125 0.10972222222222222
0 0.553125 0.33125 0.0703125 0.1486111111111111
0 0.07265625 0.3333333333333333 0.075 0.10277777777777777
0 0.85078125 0.3611111111111111 0.075 0.1361111111111111
0 0.896484375 0.5319444444444444 0.10703125 0.15555555555555556
0 0.52890625 0.5423611111111111 0.096875 0.13194444444444445
0 0.23203125 0.5534722222222223 0.084375 0.10972222222222222
0 0.478515625 0.85 0.12109375 0.19722222222222222