0 0.025 0.18958333333333333 0.05 0.13194444444444445
0 0.18046875 0.19236111111111112 0.05625 0.12638888888888888
0 0.361328125 0.21041666666666667 0.05546875 0.12361111111111112
0 0.5765625 0.21458333333333332 0.0671875 0.12638888888888888
0 0.8078125 0.22708333333333333 0.0609375 0.13472222222222222
0 0.08984375 0.30625 0.065625 0.14305555555555555
0 0.8515625 0.35 0.0734375 0.14722222222222223
0 0.55 0.3680555555555556 0.0890625 0.12222222222222222
0 0.52734375 0.5222222222222223 0.1 0.16944444444444445
0 0.89375 0.5243055555555556 0.1015625 0.14583333333333334
0 0.191796875 0.5513888888888889 0.12578125 0.11666666666666667
0 0.4921875 0.7763888888888889 0.1203125 0.28888888888888886