0 0.173046875 0.22569444444444445 0.06640625 0.0763888888888889
0 0.35546875 0.22569444444444445 0.08125 0.10972222222222222
0 0.56875 0.23958333333333334 0.0546875 0.11527777777777778
0 0.80625 0.24791666666666667 0.0609375 0.0875
0 0.07421875 0.3298611111111111 0.06875 0.12361111111111112
0 0.8390625 0.3326388888888889 0.0703125 0.1625
0 0.5546875 0.35208333333333336 0.0703125 0.11805555555555555
0 0.8984375 0.5048611111111111 0.0921875 0.18472222222222223
0 0.533203125 0.5479166666666667 0.08671875 0.13194444444444445
0 0.231640625 0.5555555555555556 0.07734375 0.11388888888888889
0 0.48984375 0.8263888888888888 0.121875 0.2111111111111111