0 0.166796875 0.21041666666666667 0.06328125 0.10138888888888889
0 0.57265625 0.21736111111111112 0.053125 0.13194444444444445
0 0.359765625 0.23125 0.08359375 0.10416666666666667
0 0.80625 0.24930555555555556 0.0703125 0.10138888888888889
0 0.07265625 0.33125 0.078125 0.09861111111111111
0 0.8484375 0.35208333333333336 0.0671875 0.13194444444444445
0 0.55078125 0.35625 0.0875 0.12083333333333333
0 0.529296875 0.5083333333333333 0.09453125 0.175
0 0.895703125 0.5361111111111111 0.10234375 0.14166666666666666
0 0.229296875 0.5555555555555556 0.08515625 0.10833333333333334
0 0.4796875 0.8388888888888889 0.1171875 0.19166666666666668