0 0.169140625 0.20625 0.05859375 0.10972222222222222
0 0.362890625 0.22013888888888888 0.06484375 0.10972222222222222
0 0.798828125 0.22152777777777777 0.06171875 0.12361111111111112
0 0.570703125 0.22847222222222222 0.05546875 0.10972222222222222
0 0.54921875 0.33611111111111114 0.075 0.1527777777777778
0 0.0734375 0.34097222222222223 0.0796875 0.10694444444444444
0 0.8453125 0.34930555555555554 0.0671875 0.14027777777777778
0 0.911328125 0.4909722222222222 0.09921875 0.2125
0 0.209765625 0.5222222222222223 0.09609375 0.09166666666666666
0 0.532421875 0.5222222222222223 0.09453125 0.18055555555555555
0 0.48359375 0.8319444444444445 0.11875 0.20555555555555555