0 0.173046875 0.20347222222222222 0.06015625 0.10416666666666667
0 0.358203125 0.21319444444444444 0.05859375 0.11805555555555555
0 0.574609375 0.21458333333333332 0.06015625 0.1375
0 0.8140625 0.24722222222222223 0.0640625 0.09722222222222222
0 0.0921875 0.3013888888888889 0.0671875 0.14444444444444443
0 0.55390625 0.3451388888888889 0.078125 0.13194444444444445
0 0.844140625 0.3590277777777778 0.07734375 0.1486111111111111
0 0.53125 0.5194444444444445 0.0890625 0.1638888888888889
0 0.208203125 0.5236111111111111 0.08984375 0.10555555555555556
0 0.903515625 0.525 0.08359375 0.1527777777777778
0 0.496875 0.7840277777777778 0.1203125 0.2902777777777778