0 0.180078125 0.18888888888888888 0.05234375 0.1361111111111111
0 0.57265625 0.20347222222222222 0.053125 0.13194444444444445
0 0.02421875 0.2048611111111111 0.0484375 0.13472222222222222
0 0.365625 0.21875 0.0484375 0.11805555555555555
0 0.811328125 0.22361111111111112 0.05546875 0.13333333333333333
0 0.08984375 0.30277777777777776 0.065625 0.1527777777777778
0 0.551953125 0.3576388888888889 0.08671875 0.1125
0 0.833203125 0.39791666666666664 0.08046875 0.09305555555555556
0 0.210546875 0.4895833333333333 0.07890625 0.1375
0 0.896875 0.525 0.1015625 0.15833333333333333
0 0.5328125 0.5416666666666666 0.1046875 0.14166666666666666
0 0.483984375 0.8388888888888889 0.12265625 0.18055555555555555