0 0.16875 0.2 0.0546875 0.11388888888888889
0 0.358203125 0.21458333333333332 0.06484375 0.10416666666666667
0 0.571875 0.22708333333333333 0.0515625 0.1125
0 0.800390625 0.23055555555555557 0.06484375 0.13055555555555556
0 0.07578125 0.3284722222222222 0.059375 0.09861111111111111
0 0.54921875 0.34375 0.0859375 0.14027777777777778
0 0.844140625 0.3506944444444444 0.07734375 0.15416666666666667
0 0.912109375 0.4888888888888889 0.09453125 0.20833333333333334
0 0.528125 0.4951388888888889 0.0828125 0.19305555555555556
0 0.217578125 0.5263888888888889 0.10234375 0.10555555555555556
0 0.48828125 0.8291666666666667 0.11875 0.20555555555555555