0 0.170703125 0.21666666666666667 0.06796875 0.10277777777777777
0 0.358984375 0.22291666666666668 0.08203125 0.10416666666666667
0 0.563671875 0.23125 0.06328125 0.10416666666666667
0 0.806640625 0.25 0.07109375 0.1
0 0.06875 0.33055555555555555 0.0796875 0.10833333333333334
0 0.84765625 0.3506944444444444 0.071875 0.14305555555555555
0 0.5484375 0.36180555555555555 0.0859375 0.12638888888888888
0 0.53203125 0.5375 0.090625 0.1388888888888889
0 0.894140625 0.5402777777777777 0.10859375 0.1388888888888889
0 0.221484375 0.55625 0.08515625 0.11527777777777778
0 0.48359375 0.8423611111111111 0.1125 0.1763888888888889