0 0.02421875 0.19305555555555556 0.0484375 0.12777777777777777
0 0.169921875 0.21180555555555555 0.06015625 0.10416666666666667
0 0.351953125 0.21736111111111112 0.05859375 0.11527777777777778
0 0.56953125 0.23333333333333334 0.0625 0.10277777777777777
0 0.81171875 0.2361111111111111 0.06875 0.10833333333333334
0 0.09375 0.3173611111111111 0.0703125 0.14305555555555555
0 0.54609375 0.3326388888888889 0.08125 0.14583333333333334
0 0.841015625 0.36180555555555555 0.07734375 0.1375
0 0.89609375 0.5118055555555555 0.096875 0.17083333333333334
0 0.207421875 0.5222222222222223 0.08515625 0.11388888888888889
0 0.53359375 0.5284722222222222 0.09375 0.1486111111111111
0 0.50078125 0.7597222222222222 0.121875 0.3111111111111111