0 0.022265625 0.18819444444444444 0.04453125 0.1125
0 0.164453125 0.20347222222222222 0.06796875 0.10416666666666667
0 0.35703125 0.21319444444444444 0.059375 0.10694444444444444
0 0.81875 0.23055555555555557 0.0640625 0.10833333333333334
0 0.569140625 0.23055555555555557 0.06484375 0.09722222222222222
0 0.4295625 0.2650416666666667 0.05859375 0.2125
0 0.0921875 0.3034722222222222 0.0671875 0.12638888888888888
0 0.83828125 0.3451388888888889 0.078125 0.1486111111111111
0 0.553515625 0.34791666666666665 0.07734375 0.12083333333333333
0 0.210546875 0.49444444444444446 0.08828125 0.1361111111111111
0 0.5328125 0.5194444444444445 0.0890625 0.15833333333333333
0 0.8984375 0.5229166666666667 0.0859375 0.1597222222222222
0 0.49140625 0.8479166666666667 0.109375 0.1763888888888889