0 0.026953125 0.19444444444444445 0.05390625 0.11388888888888889
0 0.16953125 0.2076388888888889 0.071875 0.10138888888888889
0 0.358984375 0.22152777777777777 0.07578125 0.09583333333333334
0 0.56953125 0.2361111111111111 0.0625 0.09722222222222222
0 0.80859375 0.24791666666666667 0.065625 0.09861111111111111
0 0.076953125 0.34097222222222223 0.07734375 0.10138888888888889
0 0.55 0.3576388888888889 0.0765625 0.1125
0 0.84296875 0.3611111111111111 0.06875 0.15833333333333333
0 0.903515625 0.5048611111111111 0.10234375 0.21805555555555556
0 0.53359375 0.5458333333333333 0.103125 0.13333333333333333
0 0.18984375 0.55 0.125 0.09722222222222222
0 0.484765625 0.8631944444444445 0.12734375 0.16805555555555557