0 0.5765625 0.22708333333333333 0.0484375 0.12916666666666668
0 0.155859375 0.23055555555555557 0.07578125 0.075
0 0.358984375 0.23125 0.07265625 0.10416666666666667
0 0.80859375 0.24513888888888888 0.0625 0.09861111111111111
0 0.553515625 0.32222222222222224 0.07109375 0.18055555555555555
0 0.06796875 0.3229166666666667 0.075 0.11527777777777778
0 0.848046875 0.3638888888888889 0.08046875 0.14722222222222223
0 0.22265625 0.4951388888888889 0.0703125 0.17083333333333334
0 0.908984375 0.5180555555555556 0.10703125 0.20555555555555555
0 0.537109375 0.5375 0.09140625 0.1388888888888889
0 0.48671875 0.8319444444444445 0.115625 0.18888888888888888