0 0.16328125 0.21041666666666667 0.059375 0.08472222222222223
0 0.3640625 0.2298611111111111 0.0578125 0.10138888888888889
0 0.56875 0.23680555555555555 0.0578125 0.09305555555555556
0 0.806640625 0.24583333333333332 0.07734375 0.1
0 0.071875 0.32222222222222224 0.0703125 0.11388888888888889
0 0.559375 0.3506944444444444 0.0734375 0.12638888888888888
0 0.840234375 0.3541666666666667 0.08046875 0.1388888888888889
0 0.89375 0.4798611111111111 0.0953125 0.23194444444444445
0 0.210546875 0.5041666666666667 0.07890625 0.13333333333333333
0 0.53828125 0.5402777777777777 0.084375 0.12777777777777777
0 0.482421875 0.8430555555555556 0.12421875 0.17777777777777778