0 0.36484375 0.2111111111111111 0.05625 0.11388888888888889
0 0.16171875 0.23125 0.075 0.0875
0 0.57109375 0.2361111111111111 0.05625 0.10833333333333334
0 0.812890625 0.24513888888888888 0.06484375 0.12083333333333333
0 0.07421875 0.31875 0.06875 0.11805555555555555
0 0.553125 0.3298611111111111 0.0765625 0.15138888888888888
0 0.846875 0.3590277777777778 0.0765625 0.14305555555555555
0 0.534375 0.51875 0.0890625 0.15694444444444444
0 0.898046875 0.5361111111111111 0.10703125 0.1527777777777778
0 0.231640625 0.5625 0.08359375 0.11666666666666667
0 0.48515625 0.85 0.115625 0.18055555555555555