0 0.366015625 0.2111111111111111 0.05859375 0.11388888888888889
0 0.168359375 0.21180555555555555 0.06015625 0.09861111111111111
0 0.575 0.22361111111111112 0.0578125 0.12222222222222222
0 0.8140625 0.24930555555555556 0.0734375 0.10694444444444444
0 0.073828125 0.3215277777777778 0.07109375 0.12361111111111112
0 0.55546875 0.35 0.075 0.125
0 0.848828125 0.3645833333333333 0.07421875 0.14305555555555555
0 0.901953125 0.5173611111111112 0.10859375 0.17083333333333334
0 0.208984375 0.5256944444444445 0.08203125 0.09861111111111111
0 0.538671875 0.5430555555555555 0.10078125 0.15555555555555556
0 0.4953125 0.8319444444444445 0.1203125 0.18888888888888888