0 0.17265625 0.2076388888888889 0.065625 0.09583333333333334
0 0.36640625 0.21666666666666667 0.053125 0.125
0 0.5703125 0.21736111111111112 0.0484375 0.12638888888888888
0 0.806640625 0.24722222222222223 0.07109375 0.10833333333333334
0 0.0703125 0.3284722222222222 0.0703125 0.11527777777777778
0 0.8484375 0.35833333333333334 0.0734375 0.13055555555555556
0 0.5515625 0.36041666666666666 0.0828125 0.13472222222222222
0 0.537890625 0.5361111111111111 0.10234375 0.14722222222222223
0 0.893359375 0.5451388888888888 0.10078125 0.1375
0 0.234765625 0.5645833333333333 0.07734375 0.12083333333333333
0 0.4828125 0.85 0.1171875 0.18611111111111112