0 0.166015625 0.21041666666666667 0.07109375 0.10138888888888889
0 0.361328125 0.2326388888888889 0.06796875 0.10138888888888889
0 0.56328125 0.23541666666666666 0.065625 0.09583333333333334
0 0.80859375 0.24513888888888888 0.071875 0.09861111111111111
0 0.070703125 0.3298611111111111 0.07734375 0.10694444444444444
0 0.84765625 0.3541666666666667 0.071875 0.1388888888888889
0 0.5546875 0.3659722222222222 0.0921875 0.1125
0 0.896484375 0.5368055555555555 0.10078125 0.14305555555555555
0 0.53515625 0.5375 0.096875 0.12222222222222222
0 0.233203125 0.5493055555555556 0.07734375 0.09583333333333334
0 0.478515625 0.8486111111111111 0.12109375 0.17777777777777778