0 0.171484375 0.21180555555555555 0.05703125 0.09861111111111111
0 0.35859375 0.21458333333333332 0.05625 0.10972222222222222
0 0.569921875 0.23125 0.05078125 0.10972222222222222
0 0.81328125 0.23402777777777778 0.071875 0.10416666666666667
0 0.09375 0.30486111111111114 0.0640625 0.14027777777777778
0 0.55859375 0.33819444444444446 0.071875 0.14027777777777778
0 0.834765625 0.3472222222222222 0.07109375 0.14166666666666666
0 0.896484375 0.475 0.09765625 0.21944444444444444
0 0.53125 0.48819444444444443 0.0890625 0.20694444444444443
0 0.207421875 0.5229166666666667 0.08203125 0.10416666666666667
0 0.49765625 0.7597222222222222 0.10625 0.2833333333333333