0 0.182421875 0.19722222222222222 0.05703125 0.13055555555555556
0 0.5703125 0.22847222222222222 0.0515625 0.09305555555555556
0 0.359375 0.2326388888888889 0.0671875 0.09027777777777778
0 0.80859375 0.2423611111111111 0.0625 0.10972222222222222
0 0.55390625 0.3111111111111111 0.071875 0.16944444444444445
0 0.06953125 0.3326388888888889 0.065625 0.10138888888888889
0 0.851953125 0.36041666666666666 0.07421875 0.12361111111111112
0 0.240625 0.48680555555555555 0.0796875 0.15416666666666667
0 0.53984375 0.5458333333333333 0.0875 0.13333333333333333
0 0.894140625 0.5506944444444445 0.09921875 0.12638888888888888
0 0.49765625 0.7666666666666667 0.103125 0.28055555555555556