0 0.025390625 0.20208333333333334 0.05078125 0.12916666666666668
0 0.173046875 0.21736111111111112 0.06640625 0.10972222222222222
0 0.362109375 0.21944444444444444 0.06953125 0.10833333333333334
0 0.56953125 0.23680555555555555 0.0625 0.10416666666666667
0 0.807421875 0.25069444444444444 0.06328125 0.09861111111111111
0 0.0734375 0.33958333333333335 0.078125 0.10416666666666667
0 0.8453125 0.3486111111111111 0.0671875 0.16111111111111112
0 0.55078125 0.35347222222222224 0.078125 0.12083333333333333
0 0.53203125 0.5479166666666667 0.096875 0.12083333333333333
0 0.189453125 0.55 0.12421875 0.09722222222222222
0 0.8890625 0.5555555555555556 0.1046875 0.10833333333333334
0 0.48984375 0.8486111111111111 0.121875 0.18888888888888888