0 0.18359375 0.18958333333333333 0.05625 0.12638888888888888
0 0.025 0.1951388888888889 0.05 0.11527777777777778
0 0.367578125 0.20833333333333334 0.05546875 0.11944444444444445
0 0.56796875 0.21666666666666667 0.05625 0.11388888888888889
0 0.808203125 0.2534722222222222 0.06796875 0.10972222222222222
0 0.08671875 0.3020833333333333 0.0625 0.14583333333333334
0 0.859765625 0.3576388888888889 0.07109375 0.13472222222222222
0 0.551171875 0.3701388888888889 0.09453125 0.12083333333333333
0 0.529296875 0.5180555555555556 0.09453125 0.17222222222222222
0 0.9 0.53125 0.1015625 0.14305555555555555
0 0.189453125 0.5472222222222223 0.12109375 0.10833333333333334
0 0.4953125 0.7833333333333333 0.1234375 0.2972222222222222