0 0.187109375 0.2 0.05078125 0.125
0 0.806640625 0.21597222222222223 0.06484375 0.12916666666666668
0 0.3625 0.22777777777777777 0.0671875 0.10277777777777777
0 0.566796875 0.2298611111111111 0.05703125 0.10138888888888889
0 0.55546875 0.33402777777777776 0.071875 0.1486111111111111
0 0.074609375 0.33541666666666664 0.07578125 0.10694444444444444
0 0.84453125 0.4131944444444444 0.075 0.09027777777777778
0 0.241015625 0.47847222222222224 0.08359375 0.1597222222222222
0 0.5390625 0.53125 0.0921875 0.15416666666666667
0 0.899609375 0.5416666666666666 0.09765625 0.13055555555555556
0 0.48671875 0.8458333333333333 0.115625 0.17222222222222222