0 0.36328125 0.2111111111111111 0.059375 0.11388888888888889
0 0.165234375 0.21458333333333332 0.06328125 0.10972222222222222
0 0.811328125 0.22430555555555556 0.05546875 0.12916666666666668
0 0.574609375 0.22777777777777777 0.06015625 0.11388888888888889
0 0.07109375 0.3326388888888889 0.075 0.12361111111111112
0 0.553515625 0.3576388888888889 0.07734375 0.10694444444444444
0 0.850390625 0.35833333333333334 0.07109375 0.14166666666666666
0 0.205859375 0.5298611111111111 0.08828125 0.1125
0 0.540625 0.5402777777777777 0.1078125 0.14444444444444443
0 0.905078125 0.5416666666666666 0.09921875 0.14166666666666666
0 0.491796875 0.8222222222222222 0.12578125 0.20277777777777778