0 0.15859375 0.21875 0.059375 0.08194444444444444
0 0.565625 0.23333333333333334 0.0609375 0.09444444444444444
0 0.80546875 0.23402777777777778 0.065625 0.10416666666666667
0 0.36328125 0.23680555555555555 0.0671875 0.0875
0 0.06953125 0.31666666666666665 0.071875 0.11666666666666667
0 0.551171875 0.35138888888888886 0.07578125 0.11666666666666667
0 0.8453125 0.40347222222222223 0.0734375 0.0763888888888889
0 0.208203125 0.5208333333333334 0.09140625 0.1
0 0.88828125 0.5284722222222222 0.0875 0.1486111111111111
0 0.53515625 0.5444444444444444 0.090625 0.11944444444444445
0 0.4875 0.8368055555555556 0.1203125 0.18194444444444444