0 0.360546875 0.21041666666666667 0.06953125 0.10972222222222222
0 0.5734375 0.2111111111111111 0.0453125 0.1361111111111111
0 0.155859375 0.2222222222222222 0.08828125 0.08055555555555556
0 0.81171875 0.23125 0.065625 0.12083333333333333
0 0.375 0.2701388888888889 0.0484375 0.2263888888888889
0 0.07265625 0.3194444444444444 0.084375 0.11944444444444445
0 0.55625 0.34375 0.0765625 0.13472222222222222
0 0.84609375 0.35208333333333336 0.059375 0.1625
0 0.21953125 0.49027777777777776 0.084375 0.16111111111111112
0 0.89921875 0.53125 0.084375 0.16527777777777777
0 0.53671875 0.5465277777777777 0.090625 0.13472222222222222
0 0.48515625 0.8201388888888889 0.109375 0.23194444444444445