0 0.025 0.1909722222222222 0.05 0.12916666666666668
0 0.364453125 0.2 0.05859375 0.1361111111111111
0 0.184765625 0.22291666666666668 0.05234375 0.0763888888888889
0 0.56875 0.23680555555555555 0.0578125 0.10972222222222222
0 0.80625 0.24375 0.0671875 0.10138888888888889
0 0.071484375 0.32013888888888886 0.06953125 0.12083333333333333
0 0.8453125 0.3506944444444444 0.0734375 0.1486111111111111
0 0.552734375 0.3527777777777778 0.07890625 0.13055555555555556
0 0.90234375 0.49583333333333335 0.084375 0.19444444444444445
0 0.21484375 0.5270833333333333 0.10625 0.10694444444444444
0 0.53046875 0.5368055555555555 0.09375 0.14305555555555555
0 0.60625 0.6159722222222223 0.0796875 0.3625
0 0.490625 0.8402777777777778 0.1140625 0.18888888888888888