0 0.1761640625 0.19305555555555556 0.05078125 0.11666666666666667
0 0.57421875 0.21458333333333332 0.05625 0.13194444444444445
0 0.808984375 0.225 0.06015625 0.11944444444444445
0 0.360546875 0.23402777777777778 0.06640625 0.09861111111111111
0 0.0671875 0.32708333333333334 0.0734375 0.1125
0 0.55078125 0.35347222222222224 0.078125 0.13194444444444445
0 0.8484375 0.41388888888888886 0.0796875 0.09722222222222222
0 0.238671875 0.4791666666666667 0.07578125 0.16111111111111112
0 0.90078125 0.51875 0.0875 0.18194444444444444
0 0.538671875 0.5527777777777778 0.09453125 0.14166666666666666
0 0.492578125 0.7777777777777778 0.11796875 0.30277777777777776