0 0.169921875 0.1951388888888889 0.06640625 0.12083333333333333
0 0.362109375 0.21388888888888888 0.05703125 0.11944444444444445
0 0.56484375 0.23402777777777778 0.0625 0.10416666666666667
0 0.8109375 0.23958333333333334 0.0734375 0.10972222222222222
0 0.079296875 0.30833333333333335 0.06640625 0.11944444444444445
0 0.842578125 0.33055555555555555 0.06796875 0.175
0 0.548046875 0.36180555555555555 0.07578125 0.09861111111111111
0 0.21484375 0.525 0.0875 0.09722222222222222
0 0.894921875 0.5277777777777778 0.10078125 0.18055555555555555
0 0.5328125 0.5506944444444445 0.1015625 0.1375
0 0.490625 0.84375 0.1078125 0.1736111111111111