0 0.176953125 0.20555555555555555 0.06796875 0.10277777777777777
0 0.357421875 0.2263888888888889 0.06953125 0.10555555555555556
0 0.56875 0.23402777777777778 0.0609375 0.10416666666666667
0 0.80546875 0.2520833333333333 0.0625 0.09583333333333334
0 0.068359375 0.32222222222222224 0.07578125 0.10277777777777777
0 0.853125 0.35555555555555557 0.0734375 0.15
0 0.5515625 0.3590277777777778 0.0796875 0.10972222222222222
0 0.899609375 0.5201388888888889 0.10078125 0.16527777777777777
0 0.534375 0.5458333333333333 0.0859375 0.12777777777777777
0 0.231640625 0.5604166666666667 0.07734375 0.11805555555555555
0 0.483203125 0.8472222222222222 0.12421875 0.175