0 0.025 0.18958333333333333 0.05 0.12638888888888888
0 0.362890625 0.2222222222222222 0.07109375 0.10277777777777777
0 0.16171875 0.2263888888888889 0.06875 0.07222222222222222
0 0.566015625 0.22708333333333333 0.05234375 0.10694444444444444
0 0.810546875 0.23333333333333334 0.07578125 0.10277777777777777
0 0.074609375 0.3236111111111111 0.06953125 0.12222222222222222
0 0.5546875 0.32708333333333334 0.0703125 0.15694444444444444
0 0.85078125 0.36319444444444443 0.06875 0.13472222222222222
0 0.433984375 0.3923611111111111 0.08828125 0.24305555555555555
0 0.216015625 0.48194444444444445 0.08046875 0.16111111111111112
0 0.903515625 0.5208333333333334 0.08984375 0.17222222222222222
0 0.5296875 0.5416666666666666 0.1015625 0.13055555555555556
0 0.491015625 0.8319444444444445 0.12109375 0.19444444444444445