0 0.025 0.18958333333333333 0.05 0.12638888888888888
0 0.17421875 0.19791666666666666 0.0625 0.12083333333333333
0 0.803515625 0.21458333333333332 0.05859375 0.1375
0 0.361328125 0.2298611111111111 0.07109375 0.10694444444444444
0 0.569140625 0.2388888888888889 0.05859375 0.10277777777777777
0 0.071875 0.3388888888888889 0.0765625 0.10277777777777777
0 0.5546875 0.34930555555555554 0.0796875 0.12361111111111112
0 0.84765625 0.36319444444444443 0.071875 0.15138888888888888
0 0.9046875 0.5097222222222222 0.0796875 0.18333333333333332
0 0.53125 0.5388888888888889 0.1046875 0.1361111111111111
0 0.187109375 0.5465277777777777 0.10703125 0.09027777777777778
0 0.309765625 0.7958333333333333 0.12734375 0.35
0 0.484375 0.8229166666666666 0.1390625 0.20416666666666666