0 0.169921875 0.21180555555555555 0.07265625 0.10416666666666667
0 0.3640625 0.21180555555555555 0.0515625 0.12638888888888888
0 0.56796875 0.22152777777777777 0.05625 0.12361111111111112
0 0.80703125 0.24305555555555555 0.06875 0.11666666666666667
0 0.071484375 0.32569444444444445 0.07578125 0.11527777777777778
0 0.8453125 0.3548611111111111 0.0796875 0.1486111111111111
0 0.551171875 0.3659722222222222 0.08203125 0.11805555555555555
0 0.21640625 0.49027777777777776 0.078125 0.16111111111111112
0 0.9046875 0.5201388888888889 0.1046875 0.18472222222222223
0 0.532421875 0.5430555555555555 0.10078125 0.14444444444444443
0 0.4921875 0.78125 0.1171875 0.2902777777777778