0 0.169140625 0.20694444444444443 0.06171875 0.1
0 0.369140625 0.2125 0.05234375 0.12222222222222222
0 0.561328125 0.23819444444444443 0.06796875 0.1125
0 0.8078125 0.24097222222222223 0.0796875 0.10694444444444444
0 0.07265625 0.32569444444444445 0.065625 0.13194444444444445
0 0.84453125 0.3576388888888889 0.0875 0.15138888888888888
0 0.548046875 0.3638888888888889 0.09453125 0.11944444444444445
0 0.905078125 0.5125 0.08984375 0.17222222222222222
0 0.208203125 0.525 0.09609375 0.09722222222222222
0 0.53359375 0.5479166666666667 0.09375 0.13194444444444445
0 0.4921875 0.8493055555555555 0.1140625 0.19027777777777777