0 0.17109375 0.20694444444444443 0.05625 0.12222222222222222
0 0.02578125 0.2076388888888889 0.0515625 0.12916666666666668
0 0.364453125 0.22152777777777777 0.06171875 0.1125
0 0.8046875 0.2375 0.0640625 0.10555555555555556
0 0.56953125 0.2388888888888889 0.0625 0.10277777777777777
0 0.09140625 0.3138888888888889 0.065625 0.11944444444444445
0 0.551171875 0.33819444444444446 0.08203125 0.14027777777777778
0 0.84296875 0.34097222222222223 0.06875 0.1736111111111111
0 0.8954453125 0.5083333333333333 0.09140625 0.19166666666666668
0 0.5359375 0.5395833333333333 0.1015625 0.1375
0 0.1921875 0.5506944444444445 0.1140625 0.10416666666666667
0 0.49921875 0.8458333333333333 0.125 0.20555555555555555