0 0.161328125 0.2111111111111111 0.06796875 0.09166666666666666
0 0.80625 0.21180555555555555 0.0578125 0.11527777777777778
0 0.5703125 0.23402777777777778 0.0578125 0.0875
0 0.358984375 0.24375 0.06953125 0.09027777777777778
0 0.06953125 0.3236111111111111 0.078125 0.1111111111111111
0 0.550390625 0.35208333333333336 0.07734375 0.1125
0 0.853125 0.3638888888888889 0.0703125 0.13055555555555556
0 0.898828125 0.5118055555555555 0.08828125 0.18472222222222223
0 0.21171875 0.5243055555555556 0.1 0.10138888888888889
0 0.528515625 0.5430555555555555 0.08984375 0.12777777777777777
0 0.4875 0.8340277777777778 0.1203125 0.18194444444444444