0 0.365234375 0.21319444444444444 0.05390625 0.11805555555555555
0 0.8140625 0.2263888888888889 0.0578125 0.12777777777777777
0 0.158203125 0.22777777777777777 0.08671875 0.09166666666666666
0 0.570703125 0.23958333333333334 0.05546875 0.11527777777777778
0 0.06796875 0.3125 0.075 0.12222222222222222
0 0.84921875 0.33958333333333335 0.06875 0.17083333333333334
0 0.556640625 0.35694444444444445 0.08984375 0.10555555555555556
0 0.90390625 0.4965277777777778 0.09375 0.17916666666666667
0 0.203515625 0.5069444444444444 0.07734375 0.11666666666666667
0 0.5328125 0.5194444444444445 0.0921875 0.16944444444444445
0 0.47890625 0.8256944444444444 0.1125 0.1986111111111111