0 0.17109375 0.19722222222222222 0.05625 0.10833333333333334
0 0.3546875 0.21597222222222223 0.0578125 0.11805555555555555
0 0.571875 0.23125 0.0578125 0.09861111111111111
0 0.816015625 0.24513888888888888 0.06484375 0.09861111111111111
0 0.09453125 0.3020833333333333 0.065625 0.14027777777777778
0 0.55390625 0.3486111111111111 0.075 0.12777777777777777
0 0.84765625 0.35625 0.06875 0.14305555555555555
0 0.212890625 0.5215277777777778 0.07734375 0.10694444444444444
0 0.906640625 0.5277777777777778 0.11171875 0.15833333333333333
0 0.5359375 0.5430555555555555 0.0890625 0.13333333333333333
0 0.494921875 0.7861111111111111 0.11328125 0.2972222222222222