0 0.181640625 0.19236111111111112 0.06171875 0.13194444444444445
0 0.363671875 0.21319444444444444 0.05078125 0.12361111111111112
0 0.56875 0.23125 0.0640625 0.09861111111111111
0 0.80859375 0.2423611111111111 0.06875 0.10972222222222222
0 0.075 0.31875 0.0734375 0.12361111111111112
0 0.83984375 0.3375 0.06875 0.17222222222222222
0 0.555078125 0.3388888888888889 0.07421875 0.14722222222222223
0 0.212109375 0.5236111111111111 0.09765625 0.1111111111111111
0 0.89609375 0.5333333333333333 0.096875 0.1638888888888889
0 0.5359375 0.5506944444444445 0.1015625 0.12638888888888888
0 0.65234375 0.6770833333333334 0.11875 0.35138888888888886
0 0.48203125 0.8236111111111111 0.125 0.20555555555555555