0 0.16484375 0.20625 0.0625 0.09861111111111111
0 0.362890625 0.20902777777777778 0.05859375 0.12083333333333333
0 0.565625 0.24097222222222223 0.0640625 0.09583333333333334
0 0.8125 0.24375 0.0703125 0.1125
0 0.093359375 0.30486111111111114 0.06953125 0.14583333333333334
0 0.559375 0.35138888888888886 0.0828125 0.13333333333333333
0 0.85078125 0.35833333333333334 0.071875 0.1527777777777778
0 0.90859375 0.5194444444444445 0.103125 0.15833333333333333
0 0.208203125 0.5194444444444445 0.07421875 0.09722222222222222
0 0.53828125 0.53125 0.09375 0.14305555555555555
0 0.498046875 0.8375 0.11328125 0.2