0 0.0265625 0.20069444444444445 0.053125 0.12638888888888888
0 0.170703125 0.2048611111111111 0.06171875 0.11805555555555555
0 0.364453125 0.22152777777777777 0.06796875 0.10694444444444444
0 0.569921875 0.23958333333333334 0.05703125 0.10416666666666667
0 0.80390625 0.24305555555555555 0.065625 0.10555555555555556
0 0.55546875 0.3388888888888889 0.075 0.14722222222222223
0 0.84296875 0.35347222222222224 0.078125 0.14305555555555555
0 0.0734375 0.3548611111111111 0.0703125 0.09027777777777778
0 0.531640625 0.5444444444444444 0.10859375 0.1361111111111111
0 0.187890625 0.5472222222222223 0.12421875 0.09722222222222222
0 0.886328125 0.5722222222222222 0.11171875 0.1361111111111111
0 0.49140625 0.7951388888888888 0.121875 0.28194444444444444