0 0.57265625 0.20833333333333334 0.0625 0.13055555555555556
0 0.365625 0.21458333333333332 0.0609375 0.12638888888888888
0 0.18359375 0.22083333333333333 0.0625 0.08333333333333333
0 0.80625 0.24444444444444444 0.0734375 0.10277777777777777
0 0.071875 0.325 0.0734375 0.11944444444444445
0 0.551953125 0.35625 0.08671875 0.12083333333333333
0 0.8453125 0.3576388888888889 0.0671875 0.14027777777777778
0 0.234375 0.48333333333333334 0.0796875 0.16944444444444445
0 0.915625 0.5048611111111111 0.1 0.18472222222222223
0 0.537890625 0.5527777777777778 0.09609375 0.14166666666666666
0 0.491015625 0.8326388888888889 0.12109375 0.18472222222222223