0 0.02578125 0.19166666666666668 0.0515625 0.14166666666666666
0 0.172265625 0.20277777777777778 0.06484375 0.10833333333333334
0 0.351171875 0.21875 0.06015625 0.11805555555555555
0 0.566796875 0.23472222222222222 0.05703125 0.1
0 0.809765625 0.25277777777777777 0.07109375 0.10833333333333334
0 0.073828125 0.3090277777777778 0.07109375 0.13194444444444445
0 0.551171875 0.34375 0.07578125 0.12361111111111112
0 0.851046875 0.3472222222222222 0.0671875 0.11944444444444445
0 0.875390625 0.5006944444444444 0.10234375 0.17083333333333334
0 0.214453125 0.5236111111111111 0.09921875 0.10555555555555556
0 0.53203125 0.5444444444444444 0.096875 0.14166666666666666
0 0.775390625 0.5451388888888888 0.08359375 0.30416666666666664
0 0.47578125 0.8409722222222222 0.121875 0.17916666666666667