0 0.02421875 0.19930555555555557 0.0484375 0.12361111111111112
0 0.169140625 0.21388888888888888 0.07109375 0.09722222222222222
0 0.360546875 0.225 0.06953125 0.10833333333333334
0 0.56953125 0.2388888888888889 0.0625 0.10277777777777777
0 0.808203125 0.24375 0.06796875 0.10138888888888889
0 0.07890625 0.33402777777777776 0.06875 0.09305555555555556
0 0.837109375 0.35347222222222224 0.07265625 0.14305555555555555
0 0.54921875 0.3590277777777778 0.0875 0.11805555555555555
0 0.9046875 0.49375 0.0984375 0.19583333333333333
0 0.534375 0.5527777777777778 0.1015625 0.125
0 0.192578125 0.5541666666666667 0.11796875 0.09444444444444444
0 0.48125 0.8888888888888888 0.1265625 0.18055555555555555