0 0.023828125 0.19722222222222222 0.04609375 0.11944444444444445
0 0.362109375 0.21041666666666667 0.05078125 0.1125
0 0.167578125 0.21388888888888888 0.06171875 0.08611111111111111
0 0.57265625 0.2326388888888889 0.05 0.10138888888888889
0 0.8234375 0.2388888888888889 0.0734375 0.11388888888888889
0 0.07109375 0.33055555555555555 0.071875 0.10833333333333334
0 0.555078125 0.3590277777777778 0.08046875 0.12083333333333333
0 0.8359375 0.39791666666666664 0.0890625 0.09861111111111111
0 0.210546875 0.5 0.08828125 0.14722222222222223
0 0.899609375 0.5055555555555555 0.09453125 0.18055555555555555
0 0.529296875 0.5486111111111112 0.08828125 0.13333333333333333
0 0.48984375 0.8423611111111111 0.109375 0.1763888888888889