0 0.183984375 0.1840277777777778 0.05703125 0.12638888888888888
0 0.56875 0.21180555555555555 0.0578125 0.12638888888888888
0 0.36875 0.21388888888888888 0.0609375 0.13055555555555556
0 0.805078125 0.24722222222222223 0.07421875 0.09722222222222222
0 0.0734375 0.3229166666666667 0.0796875 0.10972222222222222
0 0.553515625 0.3548611111111111 0.08984375 0.13472222222222222
0 0.84453125 0.3638888888888889 0.075 0.13333333333333333
0 0.233203125 0.4888888888888889 0.08203125 0.175
0 0.9125 0.5152777777777777 0.0953125 0.17777777777777778
0 0.5375 0.5430555555555555 0.1140625 0.13333333333333333
0 0.4875 0.8395833333333333 0.1328125 0.19305555555555556