0 0.166015625 0.20069444444444445 0.05859375 0.0875
0 0.36015625 0.21597222222222223 0.059375 0.1125
0 0.563671875 0.23402777777777778 0.06953125 0.09861111111111111
0 0.81640625 0.2465277777777778 0.059375 0.09861111111111111
0 0.08984375 0.3104166666666667 0.0625 0.15138888888888888
0 0.55625 0.3326388888888889 0.0828125 0.15694444444444444
0 0.842578125 0.34652777777777777 0.07421875 0.15138888888888888
0 0.89140625 0.5180555555555556 0.09375 0.15555555555555556
0 0.212109375 0.525 0.10703125 0.10833333333333334
0 0.541015625 0.5541666666666667 0.09609375 0.14444444444444443
0 0.4953125 0.8347222222222223 0.1015625 0.18333333333333332