0 0.180078125 0.1909722222222222 0.06484375 0.12916666666666668
0 0.56875 0.2298611111111111 0.0578125 0.09583333333333334
0 0.361328125 0.23125 0.06796875 0.0875
0 0.808203125 0.2520833333333333 0.07421875 0.09027777777777778
0 0.068359375 0.32430555555555557 0.06953125 0.1125
0 0.551171875 0.3416666666666667 0.06953125 0.13055555555555556
0 0.8453125 0.41041666666666665 0.0734375 0.10138888888888889
0 0.237890625 0.4875 0.08046875 0.15
0 0.53984375 0.5347222222222222 0.0875 0.1388888888888889
0 0.89765625 0.5583333333333333 0.11875 0.12777777777777777
0 0.48828125 0.775 0.1125 0.2972222222222222