0 0.361328125 0.20694444444444443 0.06171875 0.12222222222222222
0 0.81015625 0.2298611111111111 0.06875 0.12361111111111112
0 0.15859375 0.23055555555555557 0.08125 0.075
0 0.5671875 0.2388888888888889 0.0578125 0.10277777777777777
0 0.06796875 0.30694444444444446 0.075 0.13333333333333333
0 0.55234375 0.3402777777777778 0.08125 0.14722222222222223
0 0.8421875 0.35625 0.0796875 0.1375
0 0.234765625 0.4840277777777778 0.08046875 0.17083333333333334
0 0.916015625 0.5055555555555555 0.09609375 0.19166666666666668
0 0.5375 0.5520833333333334 0.1015625 0.13472222222222222
0 0.491796875 0.83125 0.11328125 0.20972222222222223