0 0.163671875 0.19652777777777777 0.08203125 0.12361111111111112
0 0.371484375 0.2111111111111111 0.06328125 0.125
0 0.56875 0.22013888888888888 0.0546875 0.12638888888888888
0 0.810546875 0.2465277777777778 0.06953125 0.11805555555555555
0 0.073046875 0.3284722222222222 0.07265625 0.12638888888888888
0 0.8484375 0.35555555555555557 0.0671875 0.1527777777777778
0 0.55 0.3645833333333333 0.0953125 0.10972222222222222
0 0.5328125 0.5 0.0953125 0.19722222222222222
0 0.219921875 0.5034722222222222 0.07890625 0.13194444444444445
0 0.8984375 0.5277777777777778 0.0984375 0.15833333333333333
0 0.492578125 0.7736111111111111 0.11796875 0.2833333333333333