0 0.17109375 0.19583333333333333 0.05 0.1111111111111111
0 0.366796875 0.21458333333333332 0.05390625 0.12083333333333333
0 0.816796875 0.21875 0.05078125 0.11805555555555555
0 0.56953125 0.23125 0.053125 0.12638888888888888
0 0.073046875 0.32430555555555557 0.07265625 0.11805555555555555
0 0.85625 0.3527777777777778 0.0640625 0.1527777777777778
0 0.555078125 0.36180555555555555 0.07421875 0.10972222222222222
0 0.205859375 0.5166666666666667 0.06953125 0.10833333333333334
0 0.54296875 0.5173611111111112 0.084375 0.17083333333333334
0 0.908984375 0.5277777777777778 0.08828125 0.15833333333333333
0 0.48828125 0.8326388888888889 0.125 0.19583333333333333