0 0.17734375 0.1909722222222222 0.06875 0.12361111111111112
0 0.356640625 0.23125 0.06484375 0.0875
0 0.569921875 0.23541666666666666 0.05703125 0.09583333333333334
0 0.806640625 0.24513888888888888 0.07109375 0.10416666666666667
0 0.551953125 0.32569444444444445 0.06796875 0.16527777777777777
0 0.069921875 0.33541666666666664 0.07890625 0.1125
0 0.856640625 0.36319444444444443 0.07421875 0.12361111111111112
0 0.237890625 0.4861111111111111 0.08359375 0.1527777777777778
0 0.901953125 0.5069444444444444 0.08359375 0.19444444444444445
0 0.534375 0.5416666666666666 0.0984375 0.125
0 0.496484375 0.7694444444444445 0.11015625 0.2916666666666667