0 0.0234375 0.18819444444444444 0.046875 0.11805555555555555
0 0.17265625 0.20347222222222222 0.059375 0.09305555555555556
0 0.56796875 0.21180555555555555 0.05 0.13194444444444445
0 0.364453125 0.21875 0.05234375 0.12361111111111112
0 0.81484375 0.24166666666666667 0.06875 0.08611111111111111
0 0.09453125 0.30486111111111114 0.05625 0.12916666666666668
0 0.551953125 0.33402777777777776 0.08046875 0.1486111111111111
0 0.844921875 0.34097222222222223 0.08203125 0.16805555555555557
0 0.212890625 0.5055555555555555 0.09921875 0.125
0 0.89140625 0.5305555555555556 0.10625 0.14722222222222223
0 0.53359375 0.55 0.103125 0.125
0 0.487109375 0.8458333333333333 0.11640625 0.18333333333333332