0 0.028125 0.20277777777777778 0.05625 0.11944444444444445
0 0.170703125 0.21319444444444444 0.07109375 0.10694444444444444
0 0.362109375 0.21597222222222223 0.06328125 0.1125
0 0.807421875 0.21875 0.06328125 0.11805555555555555
0 0.568359375 0.24513888888888888 0.06015625 0.10972222222222222
0 0.07109375 0.32430555555555557 0.06875 0.12916666666666668
0 0.840234375 0.3451388888888889 0.07265625 0.1486111111111111
0 0.55234375 0.3548611111111111 0.078125 0.12361111111111112
0 0.187109375 0.5513888888888889 0.11640625 0.09444444444444444
0 0.534375 0.5513888888888889 0.0921875 0.13333333333333333
0 0.8921875 0.5625 0.1046875 0.1111111111111111
0 0.489453125 0.7833333333333333 0.11796875 0.28055555555555556