0 0.17578125 0.2048611111111111 0.059375 0.10694444444444444
0 0.36953125 0.20833333333333334 0.053125 0.13055555555555556
0 0.7984375 0.23333333333333334 0.0609375 0.10277777777777777
0 0.5671875 0.2361111111111111 0.0609375 0.10833333333333334
0 0.065625 0.32222222222222224 0.0765625 0.125
0 0.840625 0.3388888888888889 0.0765625 0.14722222222222223
0 0.5515625 0.3541666666666667 0.0703125 0.11666666666666667
0 0.89375 0.5416666666666666 0.0953125 0.14166666666666666
0 0.53125 0.5416666666666666 0.0921875 0.14722222222222223
0 0.230078125 0.5569444444444445 0.08671875 0.11666666666666667
0 0.48359375 0.8479166666666667 0.11875 0.16527777777777777