0 0.164453125 0.19930555555555557 0.05859375 0.10138888888888889
0 0.358203125 0.21319444444444444 0.05234375 0.10138888888888889
0 0.809375 0.22152777777777777 0.0578125 0.12361111111111112
0 0.56875 0.23194444444444445 0.0546875 0.10555555555555556
0 0.07109375 0.3298611111111111 0.078125 0.10694444444444444
0 0.55 0.35208333333333336 0.0734375 0.12916666666666668
0 0.84140625 0.4027777777777778 0.065625 0.09722222222222222
0 0.237890625 0.4840277777777778 0.07734375 0.1597222222222222
0 0.894921875 0.5125 0.09140625 0.18333333333333332
0 0.53125 0.5409722222222222 0.0921875 0.12361111111111112
0 0.477734375 0.8375 0.11640625 0.19444444444444445