0 0.019140625 0.18819444444444444 0.03828125 0.14583333333333334
0 0.182421875 0.18958333333333333 0.05390625 0.1375
0 0.365625 0.20208333333333334 0.0609375 0.12916666666666668
0 0.56796875 0.21388888888888888 0.05625 0.13055555555555556
0 0.8046875 0.22013888888888888 0.0640625 0.12638888888888888
0 0.07109375 0.32222222222222224 0.075 0.11388888888888889
0 0.846875 0.33402777777777776 0.0703125 0.17083333333333334
0 0.54765625 0.3645833333333333 0.075 0.10972222222222222
0 0.894140625 0.5263888888888889 0.09609375 0.14444444444444443
0 0.53125 0.5451388888888888 0.1015625 0.1375
0 0.189453125 0.5513888888888889 0.12421875 0.10555555555555556
0 0.49140625 0.7722222222222223 0.121875 0.2861111111111111