0 0.337917 0.218125 0.12750000000000003 0.037500000000000006
0 0.3675 0.19 0.14500000000000002 0.028749999999999998
0 0.3925 0.3421875 0.11833399999999998 0.03437499999999999
0 0.4016665 0.12593749999999998 0.11833299999999995 0.030624999999999986
0 0.41500000000000004 0.4175 0.14166600000000007 0.03750000000000003
0 0.39958350000000004 0.14187499999999997 0.10916700000000001 0.0325
0 0.41875 0.1003125 0.13916600000000004 0.030625
0 0.4529165 0.2634375 0.17916699999999994 0.03562499999999999
0 0.45625 0.22499999999999998 0.17250000000000001 0.037500000000000006
0 0.44125 0.3678125 0.12083400000000004 0.03437499999999999
0 0.48500000000000004 0.18062499999999998 0.161666 0.017499999999999988
0 0.60875 0.786875 0.240834 0.11125000000000007
0 0.5304165 0.1396875 0.07083300000000008 0.020625000000000004
0 0.5454165000000001 0.09687499999999999 0.0908330000000001 0.020000000000000004
0 0.622083 0.5131249999999999 0.18249999999999997 0.06124999999999997
0 0.5733335 0.075625 0.06166700000000006 0.018750000000000003
0 0.5812499999999999 0.0475 0.059165999999999976 0.013749999999999998
0 0.6554165 0.36250000000000004 0.134167 0.03375
0 0.64875 0.25656249999999997 0.1075 0.02562499999999998
0 0.65875 0.301875 0.12750000000000003 0.028749999999999998
0 0.6487499999999999 0.2165625 0.10249999999999988 0.020625000000000004
0 0.644167 0.11124999999999999 0.07500000000000002 0.018750000000000003
0 0.646667 0.11812500000000001 0.08000000000000007 0.018750000000000003
0 0.6691664999999999 0.1821875 0.09833300000000007 0.016875
0 0.66125 0.09 0.07250000000000008 0.013749999999999998
0 0.6737500000000001 0.1634375 0.08416600000000012 0.013125000000000026
0 0.6750000000000002 0.1403125 0.08166600000000009 0.021875000000000006
0 0.6791665 0.4190625 0.08666699999999998 0.06437499999999996
0 0.6749999999999999 0.1290625 0.07666600000000005 0.020625000000000004
0 0.6804165000000001 0.04625 0.06583300000000003 0.018750000000000003
0 0.6854165 0.0678125 0.06583300000000003 0.016875
0 0.775 0.11906249999999999 0.08666599999999998 0.02062499999999999
0 0.786667 0.080625 0.10500000000000013 0.022499999999999992
0 0.7787499999999999 0.025937500000000002 0.06583400000000017 0.011875
0 0.7945834999999999 0.048125 0.07083299999999992 0.015
0 0.8312499999999999 0.229375 0.12083400000000004 0.028749999999999998
0 0.8266665 0.16843750000000002 0.106667 0.016875
0 0.8083334999999999 0.053125 0.04333299999999992 0.018750000000000003
0 0.840417 0.1915625 0.10250000000000004 0.02562500000000001
0 0.86625 0.28125 0.15083400000000013 0.03249999999999997
0 0.8775 0.3334375 0.16833400000000007 0.034375000000000044
0 0.8945835 0.37625 0.170833 0.04124999999999995
0 0.918333 0.410625 0.1549999999999998 0.04125000000000001
0 0.9387500000000001 0.8128124999999999 0.12083400000000004 0.10062500000000008
0 0.939167 0.5265625 0.11999999999999995 0.05437499999999995