0 0.0728125 0.3159725 0.145625 0.300595
0 0.1234375 0.6170635 0.12187500000000001 0.259921
0 0.2028125 0.7891865 0.16062500000000002 0.18154700000000007
0 0.213125 0.5734125 0.10124999999999998 0.23412699999999997
0 0.3284375 0.8963295 0.198125 0.20535699999999998
0 0.2946875 0.5411705 0.07687500000000003 0.209325
0 0.3315625 0.7003969999999999 0.11562500000000003 0.14682600000000004
0 0.36875 0.5233135 0.07124999999999998 0.19543700000000006
0 0.440625 0.6681549999999999 0.09250000000000003 0.12599200000000008
0 0.43875 0.513393 0.0625 0.18353199999999997
0 0.48593749999999997 0.8764880000000002 0.11562499999999998 0.24305600000000002
0 0.5115624999999999 0.5094245 0.06312499999999999 0.18353100000000003
0 0.5475 0.6701389999999999 0.08374999999999999 0.12996
0 0.57375 0.5183530000000001 0.07125000000000004 0.18154800000000001
0 0.6403125000000001 0.887401 0.16937499999999994 0.22321399999999997
0 0.6396875 0.530754 0.07562499999999994 0.1924599999999999
0 0.6525000000000001 0.7073415 0.10124999999999995 0.14880900000000005
0 0.653125 0.35813449999999997 0.08750000000000002 0.17261899999999997
0 0.7153125 0.5520835 0.083125 0.20337300000000003
0 0.7896875 0.7847225 0.16062500000000002 0.16865100000000002
0 0.794375 0.5882935 0.10249999999999992 0.23611099999999996
0 0.8840625 0.6344245000000001 0.125625 0.27083300000000005
0 0.936875 0.331845 0.11375000000000002 0.286706