0 0.1328125 0.128418 0.11937500000000001 0.20995999999999998
0 0.2503125 0.248535 0.18937499999999996 0.27832
0 0.3059375 0.29980450000000003 0.060624999999999984 0.083985
0 0.3890625 0.3896485 0.22687499999999994 0.16796900000000006
0 0.48843749999999997 0.8012695 0.12562500000000004 0.37011700000000003
0 0.65375 0.268555 0.22749999999999992 0.09375
0 0.6634374999999999 0.533203 0.239375 0.08984400000000002
0 0.6696875 0.5058595 0.229375 0.06835900000000002
0 0.6709375 0.7944335 0.13187499999999996 0.37597699999999995
0 0.8634375 0.828125 0.12937500000000002 0.32421799999999984
0 0.915 0.24462899999999999 0.16875000000000007 0.04589799999999999
0 0.8746875000000001 0.480957 0.07062500000000005 0.049803999999999925
0 0.9528125000000001 0.49511700000000003 0.09312500000000001 0.06640599999999998