0 0.6773435 0.5250005 0.22656300000000007 0.30937499999999996
0 0.069531 0.691406 0.139062 0.12968800000000003
0 0.1164065 0.636719 0.14843699999999999 0.12031199999999997
0 0.24687499999999998 0.8187500000000001 0.26249999999999996 0.2875
0 0.27031299999999997 0.47890599999999994 0.11875 0.12968799999999997
0 0.4210935 0.6828125 0.282813 0.328125
0 0.3421875 0.4578125 0.11562500000000003 0.12187500000000007
0 0.51875 0.3203125 0.11249999999999993 0.11250099999999996
0 0.596094 0.3078125 0.10781200000000002 0.11249900000000002
0 0.825781 0.5820315 0.13281199999999993 0.14531300000000003
0 0.8929685 0.567969 0.120313 0.135938
0 0.9289065000000001 0.355469 0.13906300000000005 0.226562
0 0.946875 0.5539065 0.10312600000000005 0.13281300000000001
0 0.9789065 0.515625 0.03906300000000007 0.06875000000000003