0 0.025000000000000005 0.018125 0.05000000000000001 0.03625
0 0.02625 0.67875 0.0525 0.20875
0 0.06874999999999999 0.09031249999999999 0.0825 0.090625
0 0.13 0.391875 0.20000000000000004 0.195
0 0.1075 0.20375 0.073334 0.0925
0 0.15375 0.0225 0.06583399999999999 0.045
0 0.21750000000000003 0.6775 0.17 0.20375
0 0.20875 0.094375 0.070834 0.0925
0 0.2654165 0.2090625 0.06583300000000003 0.09562500000000002
0 0.28833349999999996 0.0215625 0.06166699999999999 0.043125
0 0.3775 0.391875 0.193334 0.195
0 0.34875000000000006 0.09437500000000001 0.07250000000000001 0.08875000000000001
0 0.4216665 0.2121875 0.06833299999999998 0.09562500000000002
0 0.4695835 0.6759375 0.15083300000000008 0.203125
0 0.4283335000000001 0.0240625 0.06333300000000001 0.048125
0 0.49666650000000007 0.0934375 0.06833299999999998 0.09062500000000001
0 0.6058335 0.39 0.186667 0.19124999999999998
0 0.56875 0.0225 0.06583399999999995 0.045
0 0.5766665 0.2121875 0.06833299999999998 0.09562500000000002
0 0.6437499999999999 0.09625 0.07916599999999985 0.09249999999999999
0 0.7441665000000001 0.6690625 0.198333 0.21687499999999993
0 0.6958335 0.024375 0.061666999999999916 0.0475
0 0.7370835000000001 0.20968750000000003 0.07583300000000011 0.09437500000000001
0 0.8408329999999999 0.3909375 0.20000000000000004 0.19687500000000002
0 0.7987500000000001 0.08906249999999999 0.079166 0.09562499999999999
0 0.83625 0.020625 0.06416600000000017 0.04125
0 0.900833 0.2071875 0.07499999999999989 0.09187499999999998
0 0.9483335 0.67 0.1016670000000001 0.21875
0 0.945417 0.0946875 0.08250000000000002 0.09562499999999999
0 0.9712500000000001 0.020625 0.055834000000000085 0.04125
0 0.98375 0.39 0.030834000000000028 0.19874999999999998